0.000896
0.310663
0.346187
0.165697
0.661628
0.819482
0.269497
0.068611
0.824644
0.162383
0.504191
0.831692
0.146575
0.102637
0.005856
0.338304
0.086927
0.140228
0.294030
0.187091
0.653777
0.521288
0.734052
0.601793
0.335876
0.550142
0.053860
0.939851
0.384501
0.514926
0.924401
0.914310
0.339886
0.890331
0.784911
0.495612
0.345783
0.287923
0.044373
0.655272
0.710455
0.386391
0.444457
0.754724
0.029712
0.057844
0.286705
0.962884
0.242626
0.393906
0.670379
0.739125
0.326024
0.874865
0.073054
0.168661
0.111139
0.579945
0.952630
0.949985
0.414011
0.935911
0.429080
0.664506
0.377750
0.889568
0.092085
0.803320
0.525256
0.677479
0.105097
0.971929
0.488846
0.179463
0.768695
0.968306
0.020455
0.572727
0.751074
0.651100
0.572329
0.058062
0.178582
0.941822
0.181611
0.481221
0.545526
0.086915
0.378899
0.909920
0.993638
0.732796
0.485125
0.603893
0.424949
0.119836
0.655245
0.301934
0.347403
0.101188
0.891831
0.581051
0.463741
0.951266
0.585274
0.969888
0.157416
0.399034
0.866773
0.037946
0.014156
0.746305
0.690415
0.366084
0.856967
0.694698
0.424527
0.930194
0.931620
0.881208
0.241130
0.312278
0.528086
0.526591
0.485139
0.370496
0.582836
0.838487
0.799194
0.646857
0.502822
0.328839
0.221246
0.228428
0.362423
0.339550
0.983897
0.881195
0.731305
0.298961
0.878713
0.686690
0.128380
0.422897
0.935227
0.787326
0.602776
0.236401
0.761123
0.110028
0.307523
0.825336
0.233218
0.527563
0.449720
0.670786
0.682718
0.037185
0.419081
0.204336
0.225037
0.406426
0.665431
0.420075
0.214896
0.841547
0.417983
0.451542
0.810003
0.576184
0.221784
0.571311
0.478113
0.622776
0.568908
0.590645
0.737630
0.059600
0.386670
0.760471
0.064081
0.189578
0.528032
0.527230
0.384904
0.266876
0.609534
0.542944
0.912372
0.572826
0.931430
0.223857
0.796400
0.778595
0.868601
0.592461
0.611066
0.368650
0.067450
0.710567
0.494468
0.542355
0.254854
0.443850
0.642846
0.352671
0.144925
0.709177
0.196605
0.788092
0.205522
0.503746
0.555923
0.229429
0.259909
0.549105
0.113261
0.905511
0.593757
0.093475
0.903468
0.085150
0.410710
0.483177
0.941710
0.246796
0.831410
0.359563
0.065706
0.097356
0.814291
0.473742
0.020248
0.318742
0.248222
0.989910
0.745596
0.321404
0.336705
0.012616
0.361869
0.110672
0.273483
0.807430
0.012035
0.921913
0.066019
0.562762
0.447696
0.367993
0.365114
0.477995
0.253771
0.046128
0.928289
0.765301
0.727828
0.465954
0.206359
0.765839
0.302722
0.646631
0.775434
0.642356
0.750900
0.164161
0.421708
0.997077
0.287165
0.952395
0.558456
0.644379
0.723534
0.929614
0.951341
0.650810
0.483241
0.960038
0.040246
0.540048
0.086992
0.704528
0.267376
0.287329
0.547516
0.271248
0.999314
0.827482
0.390724
0.964913
0.815365
0.344192
0.033813
0.837671
0.029083
0.557408
0.341136
0.666860
0.420930
0.683524
0.024311
0.691184
0.846955
0.202125
0.408789
0.209724
0.914144
0.157642
0.037893
0.535322
0.493194
0.478477
0.788373
0.858854
0.893188
0.875185
0.118014
0.152703
0.921730
0.838753
0.823175
0.165259
0.374028
0.296173
0.147830
0.943685
0.263302
0.680304
0.229405
0.795568
0.054274
0.762010
0.992116
0.553073
0.475953
0.192869
0.585619
0.842870
0.057123
0.575179
0.023499
0.464529
0.188670
0.161997
0.588604
0.127500
0.315180
0.283475
0.954783
0.646474
0.291079
0.977614
0.519497
0.216565
0.204193
0.394848
0.669667
0.818592
0.225389
0.558704
0.212512
0.891967
0.643146
0.351531
0.920890
0.674665
0.996368
0.898243
0.573554
0.578922
0.639884
0.225864
0.347884
0.445318
0.630939
0.456920
0.357128
0.810450
0.180355
0.265294
0.255219
0.513339
0.191086
0.689872
0.477315
0.148023
0.434785
0.110312
0.988687
0.404617
0.472030
0.577533
0.602260
0.104551
0.485504
0.236629
0.547600
0.369321
0.202259
0.149919
0.161446
0.523097
0.168885
0.931677
0.279878
0.940794
0.902777
0.643012
0.181217
0.553218
0.167763
0.905557
0.120788
0.313765
0.560022
0.106645
0.556350
0.836500
0.190922
0.457867
0.856679
0.118797
0.920230
0.995144
0.464131
0.763907
0.932666
0.974354
0.321834
0.186508
0.522581
0.515187
0.632281
0.699712
0.518193
0.411137
0.269535
0.192965
0.554286
0.279728
0.083178
0.880322
0.309453
0.339291
0.897759
0.656727
0.232844
0.122514
0.794251
0.290988
0.271319
0.068853
0.655342
0.618392
0.699029
0.764632
0.437997
0.199395
0.579408
0.348884
0.006294
0.475072
0.338718
0.392686
0.995022
0.182337
0.788527
0.148965
0.287890
0.865109
0.042507
0.107614
0.569570
0.420170
0.674710
0.067584
0.662465
0.202418
0.159130
0.633838
0.179451
0.753465
0.813964
0.984135
0.433302
0.445202
0.802001
0.640319
0.640857
0.497232
0.067339
0.673804
0.671825
0.950399
0.727798
0.518295
0.923481
0.290361
0.404575
0.238393
0.186238
0.813045
0.221801
0.484859
0.512461
0.321351
0.917568
0.371188
0.351088
0.918874
0.296775
0.437217
0.381055
0.116163
0.450082
0.670247
0.212664
0.048793
0.040527
0.069378
0.151608
0.699989
0.001558
0.442037
0.586968
0.765493
0.131799
0.381182
0.902225
0.351966
0.950595
0.696143
0.574951
0.485304
0.385022
0.859006
0.862718
0.360330
0.187610
0.321784
0.033989
0.092502
0.681490
0.288122
0.935762
0.155241
0.446376
0.758192
0.065091
0.688625
0.797857
0.368624
0.577853
0.947488
0.480587
0.823436
0.502053
0.585961
0.452418
0.050002
0.079511
0.533496
0.244302
0.750052
0.721821
0.452221
0.355465
0.773819
0.695324
0.240550
0.904044
0.890892
0.834556
0.592515
0.172066
0.619670
0.391815
0.080864
0.335550
0.004898
0.457415
0.715089
0.083950
0.686463
0.204731
0.059109
0.739597
0.510025
0.827813
0.168895
0.071738
0.909258
0.327250
0.235245
0.149030
0.599355
0.969944
0.563918
0.129594
0.911304
0.086728
0.582945
0.893063
0.656453
0.992593
0.889274
0.371425
0.421567
0.909984
0.903687
0.535116
0.977331
0.366780
0.729450
0.391094
0.249984
0.225783
0.057504
0.406903
0.408902
0.208536
0.945671
0.298668
0.805817
0.008013
0.553641
0.624178
0.147628
0.175120
0.237202
0.570559
0.668888
0.324226
0.107849
0.388489
0.607054
0.572233
0.326531
0.223455
0.779194
0.821581
0.117751
0.454479
0.959264
0.665317
0.122697
0.850308
0.397225
0.555851
0.133711
0.873747
0.682801
0.989751
0.108649
0.741166
0.105576
0.949050
0.309847
0.513936
0.208385
0.662799
0.371369
0.652484
0.771758
0.947373
0.508325
0.395688
0.543811
0.314389
0.147590
0.785621
0.572862
0.643503
0.199778
0.590304
0.580701
0.274349
0.493295
0.188530
0.894580
0.726002
0.553684
0.277364
0.638299
0.080437
0.701775
0.104241
0.160298
0.123362
0.144757
0.574293
0.683328
0.204547
0.392907
0.755546
0.420347
0.121429
0.514886
0.918783
0.579920
0.133729
0.775360
0.677362
0.837215
0.050310
0.424873
0.110165
0.669959
0.588127
0.443848
0.986575
0.039372
0.360493
0.006218
0.597318
0.961693
0.709765
0.215100
0.913741
0.684586
0.537784
0.180407
0.238329
0.213262
0.514054
0.929116
0.511827
0.472986
0.842829
0.651634
0.551129
0.237848
0.760188
0.846325
0.704266
0.280793
0.303333
0.498640
0.424477
0.828408
0.667097
0.256668
0.737890
0.047576
0.735754
0.892292
0.365137
0.802521
0.578383
0.183197
0.665920
0.543032
0.828113
0.747784
0.619782
0.801654
0.762663
0.610626
0.701954
0.163704
0.476695
0.183797
0.929087
0.644189
0.025010
0.498412
0.158025
0.465746
0.636811
0.505697
0.246702
0.227858
0.700701
0.948249
0.208074
0.226706
0.921418
0.055810
0.487213
0.204751
0.904213
0.287484
0.902784
0.447504
0.061262
0.681052
0.254901
0.910860
0.614434
0.502824
0.702514
0.855193
0.126368
0.756678
0.549064
0.322177
0.291320
0.412778
0.292178
0.147716
0.101063
0.674597
0.641847
0.130617
0.239708
0.202642
0.595191
0.433846
0.003367
0.455747
0.680990
0.385613
0.862794
0.462458
0.713220
0.064608
0.244444
0.678175
0.082581
0.531003
0.280745
0.666189
0.984258
0.326920
0.334980
0.226004
0.447848
0.081855
0.529226
0.109484
0.473627
0.275858
0.362689
0.459158
0.563234
0.632192
0.698072
0.683748
0.990858
0.318853
0.888819
0.279711
0.024437
0.362102
0.922150
0.505834
0.159910
0.033288
0.041390
0.227947
0.162775
0.721504
0.094414
0.345528
0.161075
0.098402
0.619054
0.179690
0.246213
0.507891
0.535456
0.997095
0.509941
0.153036
0.961803
0.436200
0.377559
0.126653
0.624327
0.226507
0.642118
0.852700
0.193445
0.998903
0.118794
0.425121
0.572192
0.692587
0.132016
0.392597
0.195600
0.603438
0.633189
0.125274
0.103360
0.288126
0.089763
0.287636
0.334133
0.651002
0.055811
0.545067
0.797524
0.676171
0.652436
0.256158
0.526295
0.519689
0.878223
0.994654
0.242513
0.406998
0.514093
0.640988
0.710513
0.864484
0.364607
0.961298
0.948648
0.892903
0.123660
0.919614
0.160617
0.421830
0.404262
0.955563
0.183792
0.690795
0.520562
0.504682
0.372442
0.523127
0.749345
0.681407
0.502426
0.996677
0.775038
0.216683
0.443127
0.991277
0.286951
0.014103
0.762626
0.991445
0.653414
0.522610
0.962069
0.345349
0.851036
0.122443
0.851529
0.694037
0.438173
0.877525
0.437343
0.270676
0.092420
0.955462
0.172931
0.275833
0.798487
0.280403
0.192584
0.125153
0.094023
0.228975
0.189872
0.369286
0.228931
0.461269
0.486664
0.847265
0.743696
0.993500
0.960611
0.764124
0.852442
0.953564
0.332142
0.007312
0.358456
0.842672
0.658120
0.026073
0.318136
0.673853
0.118377
0.900551
0.691621
0.830061
0.521261
0.995890
0.115431
0.530368
0.681265
0.519452
0.248289
0.202321
0.550043
0.830598
0.872980
0.012589
0.904022
0.961961
0.784809
0.127918
0.527875
0.234186
0.114258
0.675938
0.281989
0.333688
0.974324
0.703182
0.630507
0.791598
0.501187
0.928852
0.139392
0.484123
0.483167
0.651265
0.964313
0.867736
0.813047
0.553902
0.347048
0.980470
0.121842
0.294586
0.865881
0.362266
0.779941
0.950301
0.457466
0.567443
0.309510
0.577651
0.690338
0.721379
0.418447
0.172035
0.147364
0.987292
0.822343
0.144685
0.117634
0.999271
0.701632
0.454048
0.737537
0.441615
0.683815
0.735270
0.713979
0.434941
0.236425
0.068296
0.346140
0.164926
0.098935
0.451262
0.599917
0.964017
0.118444
0.032165
0.923827
0.549738
0.534625
0.769513
0.597014
0.320677
0.287651
0.403663
0.017820
0.013834
0.404896
0.527496
0.151893
0.901312
0.517811
0.640947
0.616872
0.332686
0.332154
0.492685
0.669358
0.359455
0.638534
0.778175
0.840213
0.473411
0.624947
0.541610
0.625619
0.980594
0.710771
0.975332
0.550951
0.061396
0.437610
0.920793
0.978120
0.245818
0.654913
0.336583
0.198048
0.486725
0.058763
0.539280
0.940239
0.634882
0.265267
0.759890
0.320841
0.314715
0.913272
0.751319
0.147134
0.642101
0.635458
0.980022
0.186253
0.103399
0.156250
0.627737
0.603281
0.182592
0.766401
0.897775
0.971186
0.950481
0.187857
0.285870
0.572722
0.051744
0.531797
0.750105
0.751236
0.093294
0.024127
0.450451
0.749844
0.867385
0.235688
0.669067
0.311760
0.667484
0.221700
0.051625
0.631486
0.971967
0.712405
0.701852
0.458440
0.293662
0.973342
0.331318
0.000438
0.101207
0.291343
0.419884
0.071892
0.505958
0.066281
0.625479
0.825907
0.235954
0.977289
0.831849
0.624471
0.162401
0.626849
0.717234
0.688280
0.945663
0.881621
0.433693
0.257356
0.884277
0.962638
0.414791
0.043524
0.704712
0.280498
0.878053
0.802062
0.260093
0.357279
0.797989
0.256812
0.116893
0.673251
0.926215
0.322988
0.019493
0.373185
0.398639
0.355488
0.718756
0.867485
0.057653
0.856166
0.633464
0.074038
0.432372
0.878227
0.049105
0.426988
0.355331
0.024324
0.829382
0.591469
0.083497
0.030260
0.969772
0.784357
0.059374
0.119457
0.322931
0.629367
0.759388
0.593791
0.801915
0.942320
0.487397
0.061530
0.663658
0.824411
0.177232
0.688243
0.702428
0.966051
0.856652
0.365516
0.466890
0.362886
0.123507
0.526724
0.846658
0.403362
0.911376
0.878918
0.461996
0.891539
0.735325
0.773117
0.406473
0.360447
0.158074
0.587989
0.725398
0.554157
0.192848
0.968443
0.016820
0.207958
0.942189
0.233315
0.186540
0.935768
0.783240
0.765680
0.409289
0.795474
0.561493
0.823992
0.995913
0.802802
0.399195
0.388938
0.157750
0.612038
0.104697
0.394576
0.626538
0.790236
0.668821
0.815952
0.029054
0.546219
0.728224
0.510053
0.643737
0.605703
0.078759
0.672053
0.260810
0.771247
0.639706
0.091522
0.922761
0.895746
0.648643
0.719338
0.198669
0.809086
0.143724
0.108861
0.719834
0.650814
0.942597
0.126476
0.117112
0.011882
0.723431
0.566575
0.409374
0.913336
0.462220
0.412628
0.720596
0.540027
0.281170
0.995115
0.888658
0.597115
0.755576
0.073195
0.776015
0.413179
0.341786
0.352384
0.620897
0.426505
0.897965
0.415616
0.562791
0.363876
0.234330
0.838740
0.038674
0.360255
0.352815
0.060221
0.343510
0.032956
0.010939
0.633714
0.561936
0.377639
0.604823
0.894111
0.855850
0.511827
0.136148
0.973775
0.798195
0.173384
0.372485
0.005340
0.905683
0.358677
0.785523
0.307885
0.587310
0.133151
0.653479
0.270137
0.501559
0.994075
0.929429
0.491180
0.429229
0.942738
0.333889
0.817701
0.612384
0.815932
0.245909
0.107034
0.490261
0.321883
0.601033
0.555090
0.552980
0.464659
0.306057
0.043875
0.821959
0.667490
0.939727
0.298988
0.206272
0.416397
0.405954
0.395497
0.646382
0.841290
0.063076
0.831637
0.776246
0.485535
0.881122
0.602279
0.562532
0.943400
0.731445
0.374991
0.532392
0.877282
0.732625
0.505566
0.310927
0.675939
0.047043
0.560141
0.054208
0.146910
0.918388
0.648622
0.296808
0.819799
0.476581
0.958333
0.813440
0.794309
0.718904
0.724940
0.417160
0.422864
0.550777
0.635391
0.542098
0.250874
0.173497
0.548333
0.862722
0.529437
0.917008
0.993144
0.725862
0.700251
0.701388
0.299108
0.473397
0.668289
0.180185
0.369417
0.735366
0.515352
0.671308
0.086757
0.913918
0.860728
0.756993
0.482464
0.561958
0.091059
0.863982
0.061982
0.406398
0.610270
0.789912
0.826171
0.859837
0.505414
0.483798
0.409512
0.007317
0.191917
0.019961
0.549154
0.013143
0.751612
0.619092
0.558038
0.448770
0.571780
0.400931
0.183865
0.244356
0.248973
0.824904
0.854743
0.377258
0.456705
0.152878
0.831093
0.359512
0.963118
0.807736
0.769260
0.418020
0.298757
0.898951
0.050728
0.586070
0.743897
0.028741
0.415568
0.868895
0.560870
0.507169
0.761451
0.100876
0.424200
0.409957
0.810157
0.984942
0.187669
0.267557
0.909983
0.268509
0.813579
0.227578
0.820993
0.753476
0.019398
0.075059
0.534811
0.314423
0.967702
0.706969
0.204142
0.778970
0.837105
0.359988
0.119812
0.142611
0.017977
0.795992
0.473576
0.398185
0.833670
0.610255
0.809926
0.274156
0.405231
0.086421
0.604558
0.428166
0.567940
0.463452
0.144098
0.430863
0.577180
0.877603
0.732126
0.013190
0.878233
0.511877
0.449886
0.117270
0.081487
0.932203
0.073613
0.881491
0.806591
0.159891
0.939720
0.664702
0.514503
0.560795
0.277710
0.948556
0.316684
0.100531
0.850488
0.592614
0.970397
0.290186
0.282535
0.611025
0.475908
0.237097
0.676186
0.815335
0.476164
0.519831
0.551255
0.263683
0.816193
0.165451
0.657579
0.176415
0.395090
0.251307
0.246197
0.541786
0.788224
0.654095
0.213380
0.028143
0.934571
0.187765
0.501036
0.541917
0.580215
0.911589
0.924154
0.090392
0.703746
0.243417
0.455519
0.806804
0.085098
0.814686
0.013214
0.620806
0.732237
0.777562
0.128303
0.173005
0.468895
0.685594
0.008001
0.007441
0.483344
0.673273
0.520908
0.675107
0.618276
0.653065
0.410957
0.255330
0.173371
0.717830
0.569359
0.576027
0.726721
0.109546
0.760664
0.480035
0.143345
0.610106
0.690039
0.250277
0.416414
0.285418
0.422021
0.444110
0.120164
0.319566
0.702354
0.085486
0.086946
0.501389
0.808500
0.376493
0.951345
0.452156
0.853232
0.787234
0.632082
0.231404
0.510001
0.800198
0.800806
0.740332
0.517078
0.473201
0.272310
0.710944
0.976635
0.860285
0.852718
0.767583
0.899729
0.724893
0.013583
0.459430
0.991723
0.691930
0.286272
0.562260
0.736036
0.328648
0.161591
0.750417
0.156572
0.697522
0.656289
0.751166
0.538141
0.782371
0.396128
0.759622
0.005116
0.212067
0.842892
0.550287
0.425088
0.770433
0.141528
0.848311
0.168245
0.927782
0.418070
0.988188
0.944349
0.716373
0.356880
0.198401
0.215653
0.621602
0.617751
0.407046
0.581931
0.211525
0.413630
0.805643
0.417312
0.183443
0.105081
0.466918
0.850139
0.587442
0.428419
0.658566
0.687171
0.678400
0.363945
0.590793
0.940706
0.150921
0.275418
0.783373
0.398440
0.192666
0.871294
0.031099
0.935853
0.632707
0.515139
0.718799
0.592834
0.510817
0.162722
0.512800
0.481018
0.214396
0.645622
0.899957
0.345393
0.251191
0.527733
0.713837
0.640339
0.092796
0.407126
0.376492
0.692031
0.946462
0.349543
0.680603
0.379633
0.916994
0.352865
0.267923
0.578684
0.698097
0.038752
0.644314
0.751477
0.590568
0.536039
0.367797
0.748980
0.456245
0.101096
0.603522
0.393152
0.869914
0.957370
0.348376
0.351576
0.680690
0.126537
0.468717
0.390568
0.909319
0.367519
0.088814
0.318829
0.123890
0.390278
0.526852
0.909938
0.404452
0.125220
0.752350
0.245230
0.743669
0.315844
0.476794
0.253861
0.268120
0.074677
0.371830
0.577029
0.301045
0.266211
0.311137
0.159566
0.835649
0.824690
0.867896
0.413748
0.027724
0.001025
0.875446
0.224507
0.441946
0.387173
0.620488
0.117763
0.858165
0.666277
0.022934
0.318090
0.838309
0.864208
0.941824
0.229931
0.112736
0.367356
0.900756
0.718209
0.324241
0.760421
0.057826
0.897210
0.191303
0.217250
0.053460
0.497409
0.658034
0.541451
0.495003
0.132499
0.790715
0.248708
0.709872
0.375864
0.779591
0.259466
0.091067
0.747428
0.394994
0.732515
0.831549
0.857000
0.129943
0.423118
0.200127
0.725578
0.303648
0.253588
0.244129
0.966469
0.884147
0.802039
0.047079
0.136635
0.261357
0.362439
0.447307
0.326316
0.727718
0.524912
0.600842
0.431222
0.831408
0.741590
0.504841
0.613572
0.901470
0.655349
0.782406
0.101673
0.015594
0.604901
0.752887
0.676114
0.115650
0.411265
0.301158
0.245763
0.264882
0.482267
0.933156
0.708554
0.591428
0.331116
0.921783
0.528429
0.948038
0.633029
0.756770
0.927008
0.926323
0.984324
0.504039
0.400752
0.549465
0.078478
0.835377
0.124022
0.699841
0.273402
0.729026
0.206001
0.352887
0.647157
0.377986
0.333522
0.736608
0.981747
0.028079
0.979290
0.134093
0.486233
0.045167
0.590588
0.726483
0.983750
0.864226
0.330389
0.433819
0.208058
0.876648
0.431922
0.464613
0.452826
0.181180
0.788526
0.310956
0.213057
0.264031
0.350328
0.319144
0.478172
0.531130
0.383487
0.086597
0.758461
0.527239
0.890110
0.660247
0.732475
0.120123
0.039097
0.481059
0.026920
0.771495
0.450187
0.891367
0.220525
0.768635
0.563171
0.718865
0.789895
0.351029
0.147871
0.412062
0.682614
0.574951
0.632290
0.630770
0.257757
0.446376
0.288623
0.311549
0.926786
0.890281
0.190238
0.517256
0.361889
0.974053
0.085733
0.843018
0.220482
0.067061
0.105725
0.554541
0.023604
0.290555
0.278768
0.761040
0.884777
0.325677
0.768013
0.821991
0.930561
0.927033
0.210744
0.417834
0.403397
0.999923
0.538317
0.608919
0.963396
0.896664
0.741383
0.108911
0.683856
0.367732
0.620373
0.519115
0.693624
0.953672
0.097430
0.534580
0.589521
0.251318
0.965311
0.033045
0.308439
0.551078
0.390894
0.401030
0.499123
0.579624
0.283987
0.610526
0.908840
0.143709
0.072225
0.123167
0.444130
0.146009
0.104175
0.120758
0.374607
0.913638
0.027787
0.311130
0.324651
0.865411
0.080549
0.371962
0.892957
0.957152
0.379657
0.223385
0.810941
0.937755
0.442115
0.779491
0.807277
0.465498
0.300644
0.651490
0.800290
0.458164
0.544783
0.759086
0.658161
0.456090
0.318553
0.765160
0.718028
0.179563
0.986015
0.261102
0.161047
0.166501
0.651104
0.290919
0.526566
0.329570
0.634004
0.971847
0.393062
0.310494
0.086567
0.023668
0.037839
0.611097
0.225571
0.099789
0.646262
0.013504
0.805020
0.077672
0.012213
0.774873
0.895020
0.337249
0.245269
0.394404
0.321304
0.471975
0.570868
0.442141
0.110395
0.542263
0.124381
0.441038
0.423114
0.614975
0.648860
0.177082
0.014141
0.920709
0.112555
0.038929
0.576307
0.003854
0.572501
0.161026
0.091885
0.005320
0.684213
0.755735
0.774381
0.986801
0.357418
0.204345
0.426098
0.526137
0.399673
0.258437
0.220216
0.749436
0.992564
0.246923
0.530631
0.345977
0.381057
0.045897
0.545559
0.781560
0.800680
0.944397
0.907636
0.994915
0.947834
0.516367
0.497354
0.956355
0.947121
0.414922
0.020144
0.979324
0.970779
0.257646
0.149911
0.011359
0.306687
0.729978
0.331570
0.963911
0.593880
0.847057
0.738036
0.659037
0.192027
0.272780
0.427684
0.129249
0.720852
0.379028
0.148628
0.774486
0.897368
0.659154
0.007084
0.492703
0.066202
0.399995
0.956881
0.108791
0.617799
0.518270
0.702974
0.747195
0.630388
0.923516
0.648118
0.758775
0.067005
0.064411
0.282053
0.220159
0.174402
0.722898
0.327401
0.187363
0.035305
0.056010
0.755577
0.884099
0.641208
0.154274
0.786468
0.933508
0.205043
0.434455
0.333171
0.960528
0.499767
0.350034
0.271154
0.276602
0.771825
0.662712
0.951719
0.550679
0.671963
0.740626
0.672361
0.027516
0.807783
0.542620
0.319666
0.899205
0.043553
0.512186
0.149748
0.306904
0.847007
0.079719
0.031341
0.351215
0.557346
0.788119
0.389729
0.641120
0.873475
0.785781
0.326382
0.798320
0.540130
0.034656
0.797959
0.957075
0.748242
0.661767
0.496155
0.425985
0.224430
0.433580
0.931415
0.089591
0.125370
0.987679
0.772005
0.872313
0.392020
0.739738
0.386264
0.228289
0.075007
0.960865
0.769494
0.487515
0.688156
0.446596
0.175143
0.325761
0.957228
0.170581
0.208233
0.243644
0.433844
0.920046
0.351061
0.864776
0.571687
0.874196
0.678732
0.985794
0.698003
0.528794
0.265058
0.539460
0.245841
0.049160
0.685640
0.138803
0.982223
0.699108
0.380854
0.343916
0.318425
0.234958
0.061053
0.687612
0.117878
0.252351
0.012130
0.281425
0.425090
0.250508
0.112045
0.234768
0.878665
0.345638
0.696695
0.408383
0.099518
0.975033
0.543355
0.205180
0.371248
0.829131
0.176698
0.209343
0.466065
0.514203
0.279150
0.816072
0.482451
0.857888
0.115151
0.362996
0.218897
0.238413
0.797071
0.259185
0.533556
0.151853
0.746437
0.803677
0.657789
0.376310
0.483236
0.652637
0.820579
0.384487
0.632089
0.608936
0.282221
0.074265
0.818683
0.711436
0.903937
0.798701
0.573026
0.650943
0.333062
0.091241
0.915691
0.758521
0.351775
0.298171
0.515552
0.137994
0.715118
0.588562
0.036714
0.652260
0.138280
0.942777
0.980808
0.142079
0.933980
0.795381
0.249158
0.441751
0.051610
0.988815
0.146014
0.959481
0.037097
0.683172
0.295976
0.077803
0.275668
0.357812
0.210704
0.683574
0.061632
0.166370
0.095086
0.305385
0.775755
0.692168
0.092288
0.682488
0.160674
0.761319
0.019862
0.942392
0.240203
0.961529
0.812686
0.769015
0.404525
0.081969
0.258453
0.109957
0.108409
0.920701
0.161372
0.726127
0.235232
0.028322
0.101456
0.621112
0.650284
0.588078
0.350076
0.508690
0.690268
0.032393
0.965458
0.657479
0.152916
0.312977
0.410521
0.880424
0.805152
0.266508
0.324245
0.067759
0.017340
0.930935
0.028947
0.464930
0.055038
0.290039
0.489951
0.107135
0.971627
0.967935
0.359809
0.190512
0.301746
0.213224
0.363215
0.203323
0.666061
0.847685
0.115925
0.890823
0.475359
0.090502
0.854387
0.382838
0.632011
0.580516
0.893480
0.386784
0.138524
0.920837
0.667110
0.320156
0.958157
0.468084
0.257660
0.719971
0.156733
0.328788
0.531089
0.582800
0.066068
0.945020
0.588360
0.333665
0.929324
0.727634
0.772640
0.536981
0.651680
0.796812
0.065246
0.904935
0.023656
0.524632
0.319595
0.551271
0.200064
0.642607
0.457616
0.219653
0.598830
0.718538
0.851416
0.589902
0.477928
0.752325
0.576885
0.952036
0.705532
0.060824
0.825871
0.022608
0.061621
0.979344
0.348133
0.461287
0.405031
0.804522
0.540384
0.494568
0.267982
0.833207
0.462058
0.750159
0.663041
0.948458
0.219174
0.997821
0.821196
0.491216
0.479804
0.543703
0.143122
0.799659
0.356565
0.864648
0.210883
0.853427
0.080500
0.041224
0.349470
0.622995
0.192349
0.263765
0.974976
0.582489
0.865010
0.270427
0.050404
0.124686
0.246851
0.921770
0.075505
0.437922
0.759249
0.129965
0.551557
0.525061
0.301333
0.215125
0.126228
0.113851
0.596562
0.145071
0.181702
0.016010
0.073662
0.482092
0.478133
0.219887
0.901057
0.680701
0.304369
0.469877
0.109649
0.389349
0.072122
0.006717
0.242396
0.857573
0.274829
0.369038
0.087231
0.454643
0.527798
0.931203
0.787444
0.698720
0.024737
0.059237
0.813684
0.374691
0.153072
0.180120
0.835307
0.097655
0.375640
0.594771
0.685306
0.636606
0.431379
0.827397
0.189671
0.043965
0.757805
0.639920
0.274511
0.001526
0.071620
0.386594
0.195984
0.168142
0.742195
0.118529
0.011049
0.840690
0.890521
0.138536
0.150917
0.074657
0.681196
0.562473
0.632055
0.977069
0.637894
0.763435
0.577648
0.120805
0.797568
0.399750
0.189910
0.639757
0.372396
0.487474
0.552942
0.268519
0.261347
0.744243
0.927375
0.373688
0.148668
0.165782
0.870562
0.387382
0.150834
0.601741
0.256259
0.263842
0.586324
0.466849
0.330518
0.919255
0.706526
0.790576
0.408840
0.630938
0.357068
0.597882
0.854699
0.128430
0.955760
0.290303
0.070559
0.434748
0.748309
0.816236
0.446903
0.255947
0.611082
0.178096
0.447992
0.981487
0.239936
0.308985
0.238845
0.772677
0.126739
0.790132
0.777860
0.173346
0.465504
0.890869
0.993647
0.583016
0.935448
0.253954
0.240868
0.461093
0.019903
0.370243
0.474428
0.469506
0.181491
0.077904
0.608393
0.864758
0.322639
0.363336
0.028006
0.288407
0.716420
0.054969
0.720564
0.912775
0.149189
0.799046
0.582341
0.427259
0.730065
0.340940
0.071048
0.116560
0.502452
0.349642
0.011250
0.817660
0.152267
0.200558
0.356822
0.645344
0.212160
0.547176
0.481046
0.359988
0.879677
0.580379
0.840521
0.195186
0.022139
0.401064
0.961137
0.961515
0.957178
0.363363
0.768423
0.656455
0.953690
0.919208
0.554249
0.515328
0.074909
0.887738
0.888898
0.075653
0.417873
0.053197
0.681848
0.054714
0.129594
0.071481
0.324169
0.580315
0.890339
0.237548
0.446411
0.006137
0.142800
0.273789
0.662473
0.389809
0.959404
0.873588
0.684653
0.933649
0.528950
0.846210
0.158230
0.770236
0.211386
0.820524
0.324386
0.418573
0.562373
0.178646
0.354575
0.808211
0.726789
0.199380
0.662596
0.750519
0.905356
0.929206
0.275638
0.176154
0.926758
0.589928
0.093473
0.919245
0.228108
0.041971
0.575176
0.640838
0.131268
0.006363
0.632471
0.991649
0.276755
0.102963
0.673717
0.927296
0.468868
0.874428
0.306145
0.334109
0.226911
0.562208
0.968082
0.691751
0.712328
0.600834
0.107382
0.297631
0.798083
0.358524
0.655217
0.780145
0.205407
0.225236
0.751755
0.921766
0.398101
0.523743
0.576464
0.652889
0.292980
0.075691
0.913164
0.932932
0.516966
0.414326
0.758951
0.841846
0.570120
0.310462
0.965489
0.813806
0.695950
0.320913
0.007532
0.572139
0.825286
0.722140
0.511940
0.002642
0.660482
0.340090
0.983692
0.229233
0.768586
0.204542
0.144852
0.344864
0.624299
0.557750
0.697119
0.180848
0.508160
0.838444
0.946106
0.764005
0.347523
0.789651
0.231138
0.573607
0.266048
0.639156
0.211967
0.745041
0.262799
0.352380
0.824959
0.115917
0.009479
0.627112
0.766014
0.630394
0.871287
0.596652
0.143706
0.531447
0.514320
0.032034
0.009970
0.917351
0.654285
0.224980
0.681446
0.321656
0.874538
0.121930
0.554643
0.715388
0.946425
0.736988
0.762947
0.711188
0.624789
0.360068
0.871774
0.272840
0.572836
0.698197
0.536651
0.166534
0.452870
0.336250
0.912537
0.014606
0.565390
0.911925
0.684358
0.676236
0.944564
0.193125
0.049499
0.846046
0.942037
0.988934
0.312374
0.059992
0.925476
0.073931
0.016290
0.572948
0.358499
0.255789
0.634376
0.934373
0.742795
0.454976
0.742830
0.163440
0.422978
0.420416
0.608023
0.604481
0.264481
0.094350
0.113854
0.234912
0.602258
0.922129
0.645330
0.073706
0.464179
0.727735
0.714606
0.587530
0.941534
0.433441
0.881091
0.567862
0.207265
0.572885
0.569967
0.825630
0.270464
0.552274
0.254142
0.455316
0.256713
0.166234
0.731897
0.109248
0.174429
0.325706
0.833017
0.211343
0.577082
0.048269
0.324964
0.860291
0.772631
0.880176
0.400546
0.122769
0.730696
0.338714
0.320872
0.811315
0.263651
0.098145
0.301214
0.758099
0.532210
0.298233
0.880263
0.129599
0.274259
0.977449
0.950610
0.838636
0.156032
0.560272
0.573725
0.475209
0.278714
0.037157
0.208035
0.037739
0.575665
0.834841
0.173804
0.758921
0.743491
0.892519
0.021358
0.408190
0.554858
0.535429
0.995950
0.054411
0.196328
0.911640
0.367481
0.591765
0.407495
0.960914
0.958728
0.588792
0.118665
0.687778
0.532242
0.700424
0.396519
0.376266
0.632234
0.986582
0.416989
0.913748
0.200398
0.775188
0.951702
0.578963
0.548560
0.974422
0.241327
0.128656
0.659274
0.026553
0.851945
0.312504
0.959263
0.567310
0.088026
0.722258
0.658984
0.639460
0.139822
0.194024
0.042203
0.351867
0.449201
0.528518
0.117587
0.786155
0.814432
0.659953
0.283716
0.858121
0.752639
0.317468
0.911345
0.631866
0.283174
0.801820
0.392004
0.168519
0.973673
0.503287
0.448203
0.541115
0.143882
0.863721
0.633724
0.851363
0.094458
0.426523
0.586927
0.396543
0.115843
0.603626
0.928177
0.025569
0.536306
0.639704
0.734799
0.927506
0.841520
0.682609
0.382083
0.864662
0.797149
0.728088
0.633557
0.212279
0.840392
0.739281
0.202874
0.130105
0.788926
0.331131
0.426242
0.065588
0.112123
0.831072
0.089497
0.387575
0.788608
0.195252
0.086918
0.852248
0.758365
0.479718
0.267173
0.404493
0.491800
0.284795
0.190685
0.378075
0.520796
0.645181
0.306133
0.853115
0.389263
0.205598
0.303211
0.900834
0.317592
0.570443
0.744273
0.850707
0.574450
0.454398
0.976991
0.976808
0.701319
0.588968
0.319778
0.056799
0.134027
0.297317
0.455793
0.812714
0.658337
0.667357
0.312172
0.017257
0.473624
0.401973
0.709285
0.028019
0.323100
0.667574
0.088857
0.195867
0.287422
0.700295
0.346575
0.249326
0.990318
0.056332
0.459110
0.666368
0.392958
0.342918
0.290397
0.756321
0.273769
0.063607
0.848622
0.751342
0.321412
0.021062
0.832964
0.477923
0.382624
0.097942
0.625062
0.989084
0.378866
0.378097
0.839986
0.997586
0.264437
0.563098
0.128770
0.685582
0.875479
0.710527
0.421119
0.868322
0.798578
0.088765
0.092561
0.965926
0.357178
0.666923
0.343132
0.460873
0.314652
0.587496
0.170785
0.677971
0.968463
0.193379
0.826312
0.772540
0.457552
0.480649
0.240123
0.720787
0.525068
0.545321
0.135162
0.109554
0.824097
0.898065
0.983278
0.371421
0.481706
0.788096
0.551173
0.322455
0.855789
0.649362
0.021573
0.965703
0.742796
0.842490
0.898503
0.321803
0.188035
0.289131
0.523610
0.852329
0.183028
0.796432
0.782598
0.930657
0.028246
0.654021
0.784536
0.884159
0.819805
0.900358
0.097348
0.740589
0.163562
0.836551
0.744076
0.836653
0.811069
0.391316
0.158104
0.529630
0.883500
0.678717
0.791389
0.050599
0.839686
0.049638
0.025891
0.973351
0.443670
0.517833
0.490937
0.284757
0.989523
0.182050
0.202411
0.834450
0.693741
0.097724
0.055935
0.233772
0.918561
0.546405
0.895949
0.551492
0.146184
0.270304
0.494574
0.417685
0.990797
0.585727
0.485031
0.164122
0.071892
0.355728
0.359111
0.181597
0.041413
0.223077
0.639719
0.809860
0.174567
0.803734
0.939048
0.357522
0.618634
0.383764
0.799649
0.606738
0.017875
0.104447
0.556978
0.735182
0.870872
0.357728
0.353472
0.596364
0.657656
0.733819
0.349356
0.864490
0.729218
0.092463
0.916070
0.563596
0.866068
0.287079
0.544295
0.869667
0.673028
0.515624
0.557958
0.971891
0.925348
0.852933
0.784642
0.893449
0.160304
0.026507
0.705527
0.957449
0.215969
0.111964
0.486957
0.509539
0.754758
0.366897
0.701298
0.310672
0.727255
0.604559
0.575673
0.942445
0.087893
0.184284
0.690109
0.640025
0.178117
0.106879
0.186567
0.216080
0.057136
0.734263
0.580159
0.461250
0.651387
0.077793
0.094837
0.415966
0.079998
0.333970
0.317118
0.783992
0.517281
0.695357
0.690436
0.094603
0.799433
0.374681
0.604977
0.878225
0.949867
0.088340
0.296961
0.475573
0.367016
0.929252
0.509112
0.294510
0.524964
0.986459
0.510283
0.519130
0.318248
0.248871
0.085018
0.884908
0.228726
0.162404
0.019215
0.100544
0.098250
0.733613
0.290428
0.525535
0.703245
0.719384
0.062923
0.522171
0.496299
0.282595
0.959060
0.477054
0.708803
0.489869
0.278399
0.331198
0.604104
0.282076
0.540963
0.836020
0.591996
0.554328
0.196215
0.947258
0.425412
0.873594
0.647470
0.327836
0.014778
0.163200
0.053884
0.917556
0.933490
0.559328
0.177997
0.771191
0.321495
0.151013
0.913568
0.711899
0.198219
0.648111
0.951463
0.904195
0.699382
0.268438
0.294488
0.845993
0.185967
0.523104
0.316832
0.904024
0.722478
0.726272
0.660265
0.778586
0.973130
0.220882
0.175321
0.854748
0.959800
0.644731
0.137579
0.466531
0.408157
0.351769
0.211037
0.622110
0.075658
0.032109
0.784900
0.681545
0.707072
0.962517
0.897356
0.079386
0.253308
0.378774
0.578669
0.193447
0.073957
0.544975
0.023074
0.395037
0.832736
0.945631
0.039214
0.706855
0.200555
0.028177
0.065399
0.140741
0.769166
0.350592
0.079797
0.001824
0.418087
0.256326
0.726093
0.307472
0.890944
0.112275
0.229588
0.073608
0.349588
0.151437
0.342590
0.927661
0.963817
0.397049
0.854971
0.192734
0.142500
0.486929
0.687665
0.893070
0.253140
0.333711
0.383505
0.713769
0.748964
0.957266
0.879253
0.730854
0.616399
0.909508
0.820956
0.149682
0.265186
0.018766
0.736248
0.554396
0.155504
0.641853
0.044235
0.498375
0.041467
0.798007
0.936649
0.140862
0.111616
0.932038
0.451686
0.058985
0.130907
0.216769
0.761160
0.103989
0.994848
0.250365
0.557048
0.007750
0.657516
0.366279
0.038364
0.428519
0.907003
0.076575
0.024586
0.816728
0.853383
0.078521
0.146844
0.211747
0.637579
0.825079
0.460209
0.193376
0.839778
0.588702
0.575140
0.318043
0.391596
0.821445
0.997079
0.594971
0.708472
0.160480
0.592194
0.793773
0.942350
0.764727
0.344068
0.529090
0.097295
0.554349
0.038907
0.312930
0.593066
0.009659
0.501562
0.789840
0.247866
0.259638
0.115748
0.627851
0.578424
0.433395
0.791497
0.499245
0.483637
0.481832
0.311811
0.984792
0.440325
0.613376
0.197133
0.324187
0.152842
0.979511
0.297501
0.730690
0.471781
0.536101
0.262974
0.521518
0.343628
0.978932
0.686024
0.885313
0.538648
0.080950
0.966352
0.527444
0.097595
0.559384
0.058140
0.282119
0.461013
0.078914
0.039592
0.651988
0.423169
0.098677
0.540096
0.991456
0.664334
0.832968
0.195312
0.065351
0.141679
0.595701
0.526474
0.131365
0.995017
0.605006
0.587265
0.670172
0.486688
0.945772
0.847651
0.844103
0.435948
0.723671
0.625307
0.642208
0.421103
0.534509
0.795838
0.170577
0.954534
0.648052
0.955421
0.391653
0.836753
0.837291
0.944199
0.790265
0.869165
0.534183
0.014372
0.448298
0.157594
0.063873
0.620256
0.110767
0.929558
0.594382
0.073465
0.305969
0.380376
0.271534
0.227850
0.989026
0.772253
0.813943
0.096983
0.575149
0.255572
0.785158
0.351148
0.445298
0.534650
0.395298
0.058287
0.887412
0.136540
0.208959
0.719704
0.091375
0.189222
0.636747
0.580192
0.871288
0.006365
0.792079
0.665352
0.636097
0.594184
0.820945
0.896094
0.176394
0.329484
0.419088
0.659700
0.754089
0.347672
0.087812
0.164485
0.961138
0.669191
0.036449
0.885252
0.807742
0.279559
0.197160
0.111859
0.479045
0.462265
0.897308
0.563718
0.397808
0.818382
0.548257
0.827638
0.399720
0.948442
0.609499
0.941787
0.484577
0.530404
0.816702
0.289659
0.282685
0.015145
0.605449
0.417694
0.869478
0.843644
0.093425
0.859854
0.185817
0.636802
0.317702
0.281125
0.156009
0.341819
0.466253
0.557181
0.734835
0.663325
0.040076
0.934547
0.919300
0.041407
0.571432
0.388463
0.106249
0.943725
0.182000
0.265785
0.705157
0.749668
0.760625
0.397690
0.283428
0.158555
0.382373
0.049687
0.652356
0.942233
0.178365
0.380473
0.633921
0.278816
0.739325
0.870980
0.985988
0.595965
0.225550
0.402721
0.325862
0.269155
0.233539
0.080898
0.365057
0.066120
0.596529
0.361233
0.352307
0.509627
0.275351
0.726978
0.084117
0.406382
0.320477
0.828799
0.964561
0.422984
0.189610
0.228362
0.426575
0.496202
0.012145
0.337517
0.129005
0.963421
0.367352
0.808246
0.046415
0.961906
0.842785
0.071444
0.216707
0.947871
0.759589
0.340618
0.115417
0.156376
0.578915
0.663286
0.511042
0.692418
0.366093
0.320160
0.114582
0.396687
0.404795
0.419769
0.275778
0.054064
0.380818
0.122232
0.571289
0.249871
0.143853
0.836424
0.064576
0.772064
0.695650
0.584082
0.747845
0.904094
0.925020
0.704922
0.672569
0.953202
0.535474
0.208960
0.272416
0.565805
0.301789
0.464723
0.631647
0.651852
0.100066
0.971553
0.969940
0.383026
0.325029
0.705682
0.433344
0.758361
0.222121
0.786179
0.698472
0.610750
0.094956
0.889401
0.726639
0.828219
0.215764
0.188416
0.825521
0.606490
0.873357
0.424472
0.582774
0.059699
0.286191
0.676384
0.089265
0.772341
0.924064
0.204430
0.545109
0.359071
0.098591
0.459620
0.981170
0.744496
0.867841
0.597072
0.589317
0.320224
0.363337
0.071512
0.459352
0.971960
0.487262
0.659963
0.307638
0.989433
0.584436
0.415516
0.756151
0.323294
0.597817
0.049325
0.600703
0.486231
0.439534
0.335887
0.278726
0.513529
0.813409
0.688131
0.911356
0.907794
0.612307
0.730400
0.118071
0.952972
0.777556
0.764106
0.567170
0.456922
0.281854
0.555567
0.479736
0.085432
0.706037
0.039501
0.111810
0.402651
0.888769
0.814098
0.428597
0.405471
0.892368
0.771832
0.600119
0.307756
0.243807
0.759863
0.700400
0.122617
0.164440
0.768471
0.707812
0.938788
0.522671
0.107378
0.974399
0.875021
0.148769
0.227811
0.163830
0.412053
0.199166
0.990832
0.924255
0.985887
0.598273
0.055883
0.451946
0.422834
0.509048
0.781955
0.568460
0.503051
0.970113
0.289691
0.947906
0.855378
0.608178
0.646498
0.926921
0.665428
0.902073
0.107135
0.659364
0.677614
0.191109
0.895887
0.756917
0.499592
0.229112
0.658311
0.518107
0.787247
0.970060
0.773608
0.189509
0.965598
0.706122
0.614081
0.737555
0.394841
0.079225
0.305129
0.416586
0.443208
0.658630
0.895213
0.093206
0.604680
0.165702
0.235690
0.189055
0.378010
0.370031
0.518989
0.109723
0.085661
0.655818
0.882039
0.778337
0.591489
0.132174
0.880115
0.045550
0.112135
0.444466
0.932196
0.226117
0.099935
0.535481
0.068840
0.254436
0.798605
0.045051
0.841605
0.161459
0.284127
0.755476
0.021618
0.972969
0.052345
0.058998
0.494511
0.199702
0.905071
0.304505
0.398262
0.834206
0.624459
0.676238
0.226187
0.954184
0.770625
0.960581
0.084425
0.439689
0.652611
0.801959
0.134619
0.989676
0.823687
0.359730
0.129364
0.135654
0.257590
0.319870
0.849541
0.625521
0.044647
0.043841
0.746362
0.733910
0.081052
0.948576
0.572188
0.356811
0.839195
0.592976
0.726757
0.293912
0.133271
0.125167
0.250922
0.803556
0.517060
0.839226
0.248476
0.239699
0.957373
0.358921
0.215876
0.520628
0.058168
0.058631
0.596048
0.023926
0.910517
0.538065
0.460029
0.705380
0.609688
0.468355
0.751492
0.270866
0.312658
0.743828
0.024622
0.825194
0.060837
0.318190
0.164084
0.831311
0.319973
0.228539
0.623595
0.453792
0.601814
0.358659
0.261912
0.464460
0.642739
0.348351
0.724721
0.153026
0.389106
0.492385
0.429228
0.925412
0.646388
0.406168
0.794383
0.065938
0.311457
0.971065
0.241037
0.081564
0.949657
0.556669
0.308439
0.997254
0.379103
0.587291
0.719942
0.307237
0.365203
0.152858
0.433379
0.149049
0.443465
0.928637
0.260190
0.813027
0.915753
0.172344
0.989983
0.352215
0.795310
0.910837
0.649974
0.754908
0.702779
0.651615
0.425965
0.588417
0.686438
0.487550
0.315429
0.937796
0.604924
0.377841
0.044569
0.832612
0.973303
0.646107
0.508412
0.679289
0.139807
0.440286
0.662851
0.762785
0.890532
0.541823
0.665016
0.931509
0.335565
0.627213
0.206407
0.681415
0.428119
0.897848
0.572903
0.072453
0.127419
0.069168
0.486538
0.072292
0.908161
0.603208
0.302950
0.872995
0.619739
0.975863
0.551355
0.576645
0.135300
0.778596
0.084299
0.021635
0.535549
0.791389
0.554115
0.814142
0.929633
0.447645
0.431810
0.246348
0.313097
0.601277
0.040037
0.397207
0.941634
0.350813
0.871034
0.511336
0.603050
0.164983
0.917148
0.691137
0.395753
0.369690
0.548221
0.986223
0.370090
0.518651
0.147203
0.357926
0.812624
0.491449
0.861493
0.486225
0.409122
0.695538
0.369455
0.488248
0.819424
0.236313
0.004206
0.864012
0.848989
0.745301
0.253117
0.173934
0.873726
0.995341
0.972665
0.397509
0.135568
0.898348
0.363546
0.702368
0.098270
0.781493
0.157711
0.562562
0.061262
0.417780
0.722747
0.164578
0.452376
0.483843
0.113365
0.705408
0.639418
0.408966
0.046511
0.160409
0.150326
0.832987
0.475583
0.037084
0.009824
0.615592
0.848538
0.456998
0.577837
0.935095
0.290289
0.060413
0.105443
0.021060
0.216130
0.910897
0.954812
0.412711
0.202284
0.009912
0.510701
0.895415
0.082561
0.699524
0.645914
0.902356
0.055202
0.135960
0.798100
0.780485
0.247995
0.924222
0.330030
0.902108
0.457621
0.696769
0.642636
0.789752
0.233804
0.945070
0.205546
0.736775
0.781533
0.335203
0.182428
0.514474
0.294425
0.386695
0.030416
0.713938
0.876774
0.112196
0.419166
0.773888
0.556394
0.614652
0.074318
0.381039
0.508656
0.844512
0.933442
0.424854
0.305939
0.623584
0.994775
0.161877
0.155900
0.551799
0.827704
0.455090
0.904536
0.701208
0.239929
0.550274
0.342138
0.756383
0.603537
0.624197
0.676096
0.936255
0.827732
0.469333
0.116597
0.098970
0.630157
0.987936
0.379936
0.623877
0.254634
0.366637
0.648242
0.234388
0.967453
0.743805
0.560462
0.888614
0.846425
0.108899
0.152516
0.253745
0.569614
0.969686
0.147506
0.392872
0.079698
0.763975
0.530961
0.942846
0.314314
0.992445
0.170488
0.827965
0.274483
0.913833
0.171384
0.031441
0.877626
0.319599
0.345118
0.995125
0.586903
0.228977
0.329858
0.213849
0.206286
0.294729
0.593087
0.675477
0.415307
0.652979
0.395741
0.128741
0.226619
0.896110
0.263200
0.160854
0.174114
0.695217
0.127015
0.674320
0.473380
0.388055
0.936694
0.271387
0.886699
0.010534
0.635655
0.004886
0.521970
0.855763
0.219944
0.921202
0.201970
0.656499
0.501337
0.305741
0.463926
0.007011
0.854571
0.810116
0.248849
0.162071
0.896706
0.975608
0.178268
0.007807
0.807917
0.617112
0.208691
0.815906
0.018536
0.159222
0.820261
0.534149
0.746165
0.150442
0.607741
0.388215
0.436519
0.667489
0.774306
0.668372
0.437850
0.269588
0.110073
0.836959
0.195031
0.198554
0.299155
0.746031
0.187279
0.035890
0.025983
0.417389
0.633120
0.430383
0.231321
0.768123
0.355391
0.471507
0.841672
0.013295
0.924084
0.993915
0.406500
0.533461
0.389844
0.510499
0.823101
0.439029
0.278408
0.555567
0.909024
0.217290
0.556598
0.211126
0.150217
0.923272
0.602427
0.238879
0.865809
0.724807
0.742082
0.065116
0.097340
0.978673
0.160015
0.397266
0.263945
0.782004
0.277956
0.287452
0.491297
0.385903
0.445674
0.313376
0.190043
0.391313
0.729827
0.299376
0.050981
0.076344
0.044838
0.745222
0.964624
0.975817
0.986701
0.227623
0.240324
0.284525
0.730795
0.365282
0.876302
0.263313
0.789791
0.134524
0.951225
0.459608
0.427529
0.045957
0.608188
0.720336
0.047230
0.866461
0.673840
0.074611
0.953936
0.633266
0.992914
0.136255
0.895566
0.862241
0.808662
0.652744
0.657209
0.320381
0.432832
0.778865
0.489377
0.998352
0.428166
0.042137
0.141863
0.983577
0.178444
0.395435
0.927121
0.564612
0.105367
0.213402
0.305715
0.875412
0.670744
0.216955
0.554339
0.761608
0.392441
0.628895
0.805312
0.883408
0.322169
0.038354
0.124598
0.690421
0.154644
0.538183
0.890627
0.157253
0.436003
0.393791
0.944035
0.665467
0.243083
0.391178
0.272530
0.283504
0.445534
0.823596
0.177179
0.822904
0.924456
0.928520
0.316385
0.343997
0.291983
0.238297
0.949669
0.419893
0.076701
0.408227
0.391280
0.132668
0.554131
0.425144
0.747799
0.924122
0.406574
0.858296
0.646762
0.525192
0.892793
0.813882
0.885295
0.978320
0.848479
0.206850
0.837603
0.496819
0.479732
0.721030
0.484498
0.591127
0.863462
0.634574
0.071979
0.566055
0.343280
0.425724
0.502148
0.453512
0.573081
0.518630
0.519607
0.505254
0.981902
0.595231
0.819183
0.109047
0.534954
0.892871
0.183740
0.003959
0.172131
0.774504
0.309535
0.816681
0.495096
0.436112
0.814571
0.596787
0.628722
0.881717
0.104590
0.336281
0.636728
0.618368
0.921475
0.574875
0.062610
0.910490
0.978061
0.540032
0.686060
0.784387
0.627642
0.788401
0.226165
0.329553
0.890219
0.706926
0.732629
0.634467
0.803061
0.217401
0.735450
0.991893
0.250973
0.592874
0.775079
0.774473
0.510408
0.939082
0.815642
0.717970
0.388032
0.885623
0.812855
0.750102
0.303320
0.652066
0.628437
0.101370
0.039399
0.451478
0.770092
0.254906
0.327629
0.231483
0.509258
0.500298
0.428686
0.859952
0.660055
0.007202
0.493550
0.883526
0.267221
0.624619
0.627276
0.032809
0.176808
0.127935
0.210405
0.344090
0.682308
0.605682
0.459090
0.505555
0.335356
0.719729
0.305400
0.223343
0.471875
0.944943
0.161732
0.712318
0.872331
0.746746
0.784061
0.036518
0.292539
0.277476
0.382060
0.909122
0.866353
0.245681
0.032341
0.680988
0.793749
0.457698
0.854708
0.835925
0.440528
0.360096
0.909037
0.120627
0.345715
0.077227
0.288865
0.984416
0.469104
0.683472
0.932038
0.820714
0.827131
0.158538
0.571619
0.386364
0.926147
0.920793
0.423057
0.040084
0.777020
0.433152
0.385428
0.166480
0.886140
0.934099
0.042889
0.431983
0.290265
0.309356
0.732798
0.714043
0.214744
0.824402
0.622860
0.531051
0.267814
0.362018
0.662980
0.219185
0.672549
0.820494
0.578022
0.611073
0.020240
0.935825
0.703548
0.492570
0.495418
0.394598
0.473779
0.086638
0.767295
0.243328
0.113936
0.441279
0.512140
0.205481
0.510019
0.101544
0.276294
0.160458
0.098547
0.309114
0.513412
0.181566
0.785440
0.197790
0.738579
0.774721
0.543787
0.806087
0.895729
0.299724
0.209667
0.991205
0.996063
0.625072
0.676408
0.549740
0.569602
0.389864
0.841873
0.593250
0.398741
0.487489
0.279770
0.820032
0.743584
0.601094
0.251998
0.113246
0.899297
0.506588
0.750168
0.489888
0.473898
0.002135
0.224309
0.951273
0.472348
0.451125
0.327118
0.135106
0.804048
0.156842
0.752908
0.749190
0.583584
0.880051
0.289490
0.750147
0.909598
0.415099
0.814944
0.805730
0.228002
0.045798
0.773661
0.200483
0.910381
0.090004
0.849644
0.481317
0.006609
0.432787
0.140351
0.527477
0.915726
0.654214
0.219957
0.619267
0.817449
0.931669
0.493555
0.488401
0.427848
0.581421
0.188421
0.292221
0.999478
0.783607
0.038018
0.262047
0.444377
0.483416
0.100060
0.246173
0.186756
0.593953
0.450932
0.079480
0.473079
0.748801
0.532468
0.259154
0.705645
0.910948
0.339061
0.649829
0.200109
0.976352
0.146857
0.257618
0.079110
0.092626
0.154240
0.642637
0.737753
0.114218
0.853777
0.440818
0.089961
0.443879
0.648219
0.161114
0.218405
0.365497
0.693297
0.851905
0.898762
0.895697
0.062066
0.094749
0.998601
0.601462
0.521838
0.804248
0.912393
0.819862
0.765871
0.475109
0.890252
0.235579
0.196511
0.322406
0.455641
0.924938
0.991213
0.475214
0.645802
0.254632
0.452634
0.289460
0.810925
0.563177
0.631915
0.490765
0.389840
0.377704
0.081297
0.305833
0.860187
0.192986
0.827814
0.820584
0.811766
0.119395
0.331188
0.359509
0.388191
0.187928
0.191821
0.823988
0.712447
0.870597
0.682542
0.283495
0.087907
0.660719
0.092278
0.074404
0.932358
0.978308
0.270944
0.633614
0.446353
0.479518
0.360651
0.951406
0.779512
0.205357
0.274875
0.058206
0.983217
0.193813
0.158825
0.317434
0.822588
0.881613
0.523244
0.451009
0.764777
0.158515
0.510814
0.410829
0.317943
0.520137
0.427804
0.179497
0.722076
0.747396
0.180411
0.853395
0.598797
0.664905
0.100211
0.463175
0.065013
0.180814
0.159354
0.718574
0.470688
0.261159
0.174649
0.539782
0.002950
0.157685
0.019816
0.935403
0.029364
0.895087
0.424292
0.602115
0.057631
0.177981
0.780537
0.913794
0.345597
0.836461
0.733530
0.614144
0.485652
0.169529
0.737682
0.168245
0.145985
0.936016
0.367764
0.022311
0.715435
0.791722
0.919523
0.889991
0.959612
0.078786
0.768701
0.066395
0.247563
0.578762
0.438269
0.871653
0.197530
0.075241
0.295470
0.864044
0.167586
0.906345
0.032917
0.923842
0.285310
0.584027
0.430511
0.694057
0.276788
0.618264
0.523728
0.939735
0.278530
0.903246
0.974071
0.935713
0.859169
0.033148
0.731950
0.061521
0.356833
0.241622
0.662270
0.934937
0.271769
0.966647
0.657659
0.981712
0.214310
0.386604
0.461098
0.662815
0.870731
0.350623
0.354110
0.272646
0.642240
0.523311
0.512305
0.407932
0.266879
0.008461
0.988740
0.779131
0.534816
0.326443
0.337080
0.901254
0.542325
0.154400
0.038970
0.532035
0.139306
0.346663
0.439481
0.210741
0.853549
0.224837
0.435213
0.344692
0.619143
0.143630
0.894033
0.462609
0.796590
0.720812
0.734015
0.239405
0.901800
0.579778
0.850478
0.947123
0.016436
0.843466
0.080992
0.117860
0.342824
0.182092
0.143592
0.449051
0.805395
0.838012
0.806246
0.637182
0.953282
0.503566
0.357095
0.706369
0.854174
0.126825
0.984203
0.082412
0.809887
0.971659
0.758060
0.745535
0.894584
0.508535
0.185327
0.136574
0.795435
0.798017
0.491872
0.467638
0.704245
0.927548
0.948898
0.841077
0.001726
0.141858
0.307667
0.266940
0.831350
0.577210
0.214085
0.712066
0.967977
0.868862
0.870301
0.651813
0.441493
0.389863
0.060769
0.932423
0.424809
0.928045
0.407309
0.807807
0.888770
0.288340
0.632113
0.774489
0.367181
0.581032
0.037915
0.793538
0.969805
0.925984
0.037599
0.925151
0.089263
0.461292
0.636058
0.592342
0.332029
0.026042
0.368282
0.182827
0.280021
0.715323
0.490533
0.556092
0.176518
0.846378
0.695270
0.074947
0.400356
0.283434
0.342711
0.872319
0.220869
0.741661
0.067928
0.304907
0.341004
0.714680
0.605947
0.561744
0.869044
0.272806
0.080082
0.579055
0.794913
0.778683
0.700678
0.170558
0.672797
0.822164
0.530499
0.287136
0.868685
0.536483
0.475320
0.760266
0.463282
0.213046
0.068173
0.713717
0.204704
0.463204
0.625474
0.017632
0.981569
0.403422
0.483454
0.943446
0.288923
0.677276
0.872592
0.308244
0.443320
0.926204
0.482832
0.389653
0.678822
0.324080
0.418101
0.279447
0.235498
0.382278
0.368171
0.923585
0.601898
0.686315
0.850166
0.181849
0.861979
0.957522
0.030464
0.910720
0.747092
0.649054
0.247606
0.423367
0.330110
0.631315
0.063676
0.070935
0.099913
0.734353
0.699152
0.995720
0.401707
0.471583
0.606013
0.970910
0.356537
0.038460
0.836088
0.320527
0.519675
0.170230
0.723947
0.129991
0.793037
0.054072
0.262464
0.750630
0.765386
0.762826
0.768601
0.174857
0.462935
0.540756
0.959450
0.432003
0.902153
0.297718
0.154590
0.213670
0.249586
0.318567
0.839035
0.482566
0.416551
0.072275
0.438184
0.616990
0.609501
0.103055
0.627151
0.476477
0.482081
0.937765
0.404663
0.690604
0.808504
0.274274
0.167441
0.035904
0.938570
0.089384
0.113990
0.304500
0.074716
0.778062
0.054270
0.927079
0.705929
0.704279
0.499432
0.402573
0.370657
0.194774
0.227215
0.433321
0.532318
0.767913
0.165536
0.459274
0.421345
0.378835
0.789141
0.935037
0.614469
0.437933
0.489839
0.372225
0.226079
0.971856
0.846127
0.565102
0.421866
0.334729
0.996993
0.983956
0.528668
0.522760
0.609851
0.527807
0.006669
0.219156
0.244455
0.411262
0.624194
0.910254
0.351720
0.170506
0.187720
0.620454
0.135678
0.627279
0.439955
0.256152
0.052877
0.179332
0.259662
0.111158
0.659718
0.289221
0.044059
0.542473
0.755369
0.333833
0.297148
0.090852
0.545473
0.633843
0.607225
0.700898
0.687144
0.100090
0.699311
0.136906
0.214220
0.373025
0.371641
0.030090
0.207160
0.967868
0.351117
0.207865
0.715933
0.913480
0.365312
0.414531
0.496794
0.844584
0.665903
0.243956
0.042829
0.897455
0.441175
0.967960
0.709861
0.007332
0.817375
0.999216
0.327867
0.015367
0.717266
0.405156
0.985930
0.083939
0.669500
0.261038
0.956432
0.276697
0.647627
0.657711
0.330270
0.285028
0.269210
0.965460
0.546186
0.442047
0.763132
0.992626
0.868634
0.641242
0.279491
0.100318
0.083079
0.117121
0.587292
0.166950
0.396217
0.313308
0.399418
0.703423
0.240784
0.088506
0.354130
0.957376
0.457527
0.137310
0.642856
0.709220
0.056299
0.841450
0.933561
0.740582
0.417506
0.443539
0.329007
0.874897
0.686245
0.841476
0.804268
0.668325
0.114161
0.844513
0.775693
0.525740
0.926386
0.084479
0.004890
0.380643
0.719072
0.126211
0.980173
0.399536
0.541147
0.624101
0.741420
0.131248
0.374520
0.596335
0.022529
0.441138
0.220425
0.270484
0.731998
0.661059
0.024649
0.244349
0.533074
0.000828
0.157750
0.421140
0.429904
0.149021
0.612910
0.850302
0.327941
0.523919
0.826836
0.032504
0.981326
0.093738
0.479207
0.742889
0.235946
0.484062
0.522853
0.069854
0.146583
0.035156
0.357524
0.251964
0.215038
0.009019
0.630234
0.383624
0.441793
0.612394
0.848460
0.026664
0.088066
0.375206
0.380595
0.851736
0.442530
0.572026
0.620963
0.297556
0.615308
0.306092
0.072368
0.800438
0.531874
0.990517
0.883717
0.849666
0.165131
0.799581
0.337977
0.170234
0.372278
0.155176
0.858983
0.943016
0.944387
0.030803
0.064927
0.628830
0.034036
0.259896
0.090356
0.668230
0.606541
0.729254
0.003902
0.849641
0.022695
0.315153
0.420767
0.257014
0.068265
0.313046
0.930002
0.472247
0.413557
0.446088
0.388205
0.680813
0.534160
0.978047
0.462496
0.840282
0.923515
0.058228
0.603991
0.465631
0.054465
0.885977
0.293967
0.472604
0.028768
0.187257
0.402115
0.027006
0.422052
0.573079
0.631506
0.365179
0.171542
0.717448
0.677969
0.986368
0.852725
0.709777
0.110586
0.643987
0.689744
0.052779
0.371000
0.868441
0.686741
0.381731
0.306548
0.793331
0.350584
0.255395
0.488155
0.299129
0.299722
0.134058
0.239096
0.669309
0.272474
0.628021
0.913624
0.324260
0.517524
0.122955
0.941986
0.774784
0.579123
0.210082
0.505292
0.751825
0.092356
0.852800
0.253081
0.820071
0.345543
0.681697
0.139423
0.483783
0.216367
0.141826
0.469228
0.422626
0.267764
0.725382
0.432479
0.648280
0.624135
0.155743
0.405886
0.909393
0.016362
0.982219
0.842642
0.969054
0.566910
0.576248
0.703220
0.577081
0.418499
0.357393
0.733442
0.216073
0.829189
0.230128
0.928377
0.438453
0.453966
0.579433
0.768064
0.769895
0.002121
0.794710
0.137909
0.436852
0.547807
0.598149
0.695289
0.301978
0.428447
0.516704
0.084818
0.346519
0.795424
0.618159
0.186612
0.324150
0.590128
0.234013
0.181474
0.092864
0.565622
0.308091
0.889038
0.892665
0.222500
0.373895
0.662639
0.024703
0.392881
0.999934
0.269111
0.065757
0.107751
0.015862
0.132092
0.749573
0.192212
0.498687
0.141180
0.808315
0.325694
0.554046
0.821894
0.503603
0.608273
0.459369
0.996488
0.913312
0.721281
0.971236
0.445022
0.668988
0.744987
0.156619
0.379585
0.166796
0.485972
0.245643
0.480179
0.975002
0.612739
0.871521
0.594690
0.421782
0.044027
0.951437
0.091797
0.122569
0.377274
0.050952
0.967003
0.466072
0.885005
0.685421
0.658782
0.057754
0.897766
0.856695
0.732604
0.570020
0.590158
0.554733
0.062293
0.886157
0.101084
0.714663
0.385469
0.382491
0.063141
0.594262
0.465872
0.468038
0.455092
0.999069
0.971254
0.406735
0.894387
0.647492
0.310472
0.063084
0.175916
0.041967
0.384874
0.632608
0.863695
0.940794
0.642484
0.004123
0.832407
0.245563
0.202569
0.027587
0.817013
0.308713
0.694558
0.270631
0.695612
0.192826
0.958988
0.496205
0.541126
0.786587
0.847091
0.005803
0.521879
0.301345
0.065989
0.606047
0.803856
0.076876
0.712450
0.474981
0.455304
0.746060
0.762223
0.848159
0.427624
0.216870
0.104549
0.698660
0.388530
0.088390
0.581198
0.450686
0.120628
0.627989
0.083139
0.009829
0.430488
0.292455
0.830410
0.796819
0.802633
0.610652
0.095180
0.083308
0.095505
0.583496
0.485264
0.311552
0.331249
0.263771
0.474918
0.563801
0.450241
0.909279
0.718871
0.276542
0.859853
0.754176
0.209803
0.279775
0.733262
0.602154
0.012468
0.408280
0.539661
0.838848
0.931155
0.171842
0.896632
0.207624
0.421070
0.192050
0.916246
0.551597
0.546455
0.487190
0.109698
0.344698
0.105100
0.902612
0.164658
0.005890
0.794432
0.495727
0.512341
0.893949
0.681131
0.962265
0.257571
0.336796
0.274622
0.968906
0.408274
0.771118
0.293509
0.787955
0.267267
0.907579
0.179800
0.928853
0.648531
0.037275
0.563488
0.561267
0.264998
0.040236
0.042736
0.723241
0.171139
0.120961
0.733680
0.418664
0.700214
0.694331
0.297961
0.310461
0.534991
0.483390
0.392958
0.404047
0.717307
0.714766
0.354728
0.749988
0.814305
0.144715
0.140627
0.151672
0.599004
0.496656
0.179143
0.284462
0.404592
0.107514
0.428526
0.674704
0.413224
0.174277
0.091416
0.072829
0.131890
0.863087
0.605883
0.823163
0.984140
0.731089
0.598452
0.587999
0.554085
0.846793
0.884108
0.944736
0.508419
0.749124
0.602518
0.927842
0.496473
0.920584
0.537357
0.032908
0.494026
0.868575
0.253476
0.804920
0.673266
0.704062
0.159577
0.179094
0.211690
0.412204
0.045054
0.778231
0.712584
0.849790
0.209858
0.458938
0.518073
0.044226
0.494940
0.369316
0.024546
0.164250
0.395346
0.477643
0.734873
0.779619
0.893932
0.065453
0.730363
0.812766
0.664547
0.675216
0.249545
0.137353
0.161173
0.854263
0.304959
0.714865
0.713774
0.149697
0.641010
0.739807
0.800501
0.856879
0.676414
0.635963
0.945617
0.194946
0.427677
0.200687
0.317181
0.830958
0.272626
0.411940
0.760678
0.969275
0.985295
0.715068
0.224837
0.800168
0.908899
0.205056
0.912470
0.712190
0.788588
0.367676
0.949100
0.833359
0.469727
0.682859
0.410246
0.708740
0.893343
0.809374
0.517561
0.044496
0.053887
0.536113
0.115672
0.764443
0.494535
0.616789
0.914818
0.213539
0.623990
0.807471
0.746613
0.298477
0.471307
0.346379
0.376958
0.038793
0.229998
0.089504
0.474977
0.288826
0.061024
0.021709
0.701540
0.922857
0.560748
0.768889
0.685395
0.210261
0.192367
0.551538
0.857181
0.367158
0.918374
0.142943
0.747693
0.794549
0.551319
0.366348
0.791079
0.504146
0.707578
0.415385
0.848459
0.911980
0.154144
0.382226
0.353330
0.031597
0.185003
0.290088
0.025671
0.124303
0.057877
0.253559
0.683659
0.830045
0.523572
0.124790
0.555205
0.491361
0.851539
0.759783
0.239170
0.842245
0.212432
0.381094
0.749205
0.027233
0.740242
0.086479
0.881004
0.372646
0.435249
0.412805
0.043650
0.796359
0.359557
0.707377
0.083286
0.825225
0.347897
0.471525
0.976116
0.016161
0.938923
0.551395
0.379500
0.039611
0.111161
0.176618
0.284586
0.689864
0.070632
0.147599
0.619450
0.808308
0.124906
0.596042
0.894310
0.231693
0.134797
0.481040
0.474208
0.861904
0.157209
0.515253
0.002102
0.266387
0.380986
0.363686
0.896974
0.594516
0.965299
0.433252
0.816080
0.285890
0.773562
0.227227
0.924511
0.068314
0.564705
0.318039
0.763746
0.128373
0.970557
0.378299
0.286845
0.383841
0.518823
0.178153
0.142446
0.308145
0.224769
0.921736
0.782171
0.331905
0.493217
0.062616
0.253606
0.069806
0.571026
0.753733
0.269406
0.353224
0.847247
0.188554
0.035804
0.665922
0.394976
0.254338
0.432595
0.223560
0.220218
0.513879
0.091598
0.764751
0.366468
0.567494
0.179388
0.554956
0.910056
0.221893
0.789171
0.083024
0.764534
0.646886
0.650059
0.157781
0.339576
0.265271
0.812241
0.308503
0.421170
0.567127
0.334040
0.543653
0.058748
0.328856
0.130306
0.128030
0.867566
0.952369
0.717707
0.365882
0.540918
0.313824
0.866192
0.708988
0.779138
0.758216
0.220175
0.391967
0.496771
0.720196
0.948985
0.295580
0.484637
0.057832
0.913080
0.681750
0.551897
0.110363
0.757833
0.676080
0.129828
0.929458
0.665887
0.005188
0.912125
0.173167
0.185717
0.153136
0.067673
0.020071
0.909968
0.175326
0.075388
0.776275
0.682185
0.306486
0.184630
0.868707
0.172735
0.894881
0.739665
0.793982
0.870177
0.275897
0.166650
0.613018
0.897367
0.918952
0.803657
0.428245
0.274433
0.511851
0.158637
0.273916
0.834161
0.821741
0.760137
0.202679
0.547643
0.942521
0.877576
0.415702
0.466315
0.421751
0.841518
0.802372
0.335340
0.287752
0.002237
0.612858
0.515943
0.967790
0.992971
0.456840
0.581709
0.814297
0.581316
0.819719
0.565396
0.517198
0.120526
0.619070
0.645834
0.171225
0.277044
0.435554
0.224446
0.548099
0.089878
0.280526
0.071565
0.070444
0.492774
0.585087
0.075686
0.739025
0.636225
0.380157
0.234051
0.484487
0.820715
0.893303
0.838460
0.022176
0.686255
0.414865
0.372124
0.722171
0.789970
0.823424
0.805933
0.470628
0.590484
0.539539
0.708111
0.212508
0.595175
0.468216
0.630407
0.315180
0.417465
0.156694
0.455266
0.078171
0.342548
0.537330
0.958733
0.403132
0.770961
0.238903
0.517909
0.612089
0.362785
0.167178
0.252699
0.709120
0.556988
0.401643
0.600495
0.584200
0.309240
0.094885
0.368512
0.087262
0.749714
0.049808
0.259204
0.900106
0.084983
0.684119
0.115022
0.314192
0.483502
0.758095
0.153287
0.509396
0.123810
0.268186
0.062063
0.614186
0.732997
0.413601
0.383290
0.618565
0.187927
0.284526
0.328333
0.280413
0.433906
0.548404
0.339397
0.201993
0.639034
0.714805
0.942446
0.710475
0.144277
0.720548
0.925522
0.524139
0.089677
0.416086
0.641352
0.159704
0.249326
0.763791
0.373424
0.887089
0.448218
0.031089
0.647017
0.782350
0.272488
0.219597
0.115983
0.099836
0.633445
0.299365
0.045325
0.078581
0.071140
0.289323
0.349911
0.229126
0.653806
0.756204
0.880368
0.694363
0.567572
0.200167
0.985580
0.036451
0.321436
0.002445
0.972841
0.631616
0.194034
0.965375
0.655244
0.131732
0.602595
0.955832
0.772974
0.317663
0.415323
0.137388
0.330837
0.281466
0.493827
0.753406
0.266493
0.655808
0.533142
0.301985
0.888665
0.497589
0.357103
0.264421
0.066303
0.133024
0.473573
0.742178
0.650675
0.503042
0.847399
0.494576
0.343145
0.296043
0.412291
0.912511
0.530640
0.920973
0.922607
0.514906
0.175194
0.423767
0.901753
0.107577
0.918457
0.066781
0.938370
0.932439
0.229609
0.021772
0.630379
0.982994
0.846902
0.535638
0.499391
0.334788
0.428272
0.843746
0.065849
0.392736
0.302582
0.872888
0.563939
0.587121
0.395493
0.505097
0.012924
0.343627
0.766416
0.490679
0.279735
0.337499
0.037182
0.395551
0.550802
0.735978
0.198910
0.651408
0.167098
0.595358
0.559021
0.520383
0.905815
0.958751
0.721578
0.777054
0.559168
0.787947
0.595427
0.104089
0.562365
0.338320
0.188289
0.563185
0.659218
0.270840
0.891581
0.275586
0.318290
0.901767
0.688901
0.377399
0.181527
0.871144
0.157589
0.920689
0.050459
0.908883
0.782482
0.204207
0.304959
0.675858
0.296815
0.835430
0.672175
0.131384
0.918494
0.961810
0.587352
0.942836
0.199717
0.642894
0.136062
0.913578
0.071760
0.360984
0.564024
0.708136
0.689997
0.546606
0.364427
0.635598
0.090597
0.602234
0.985130
0.391029
0.011651
0.885097
0.673649
0.318485
0.637453
0.114622
0.034298
0.456780
0.453506
0.625132
0.599985
0.759826
0.887461
0.228140
0.414955
0.987321
0.322087
0.385176
0.031227
0.769327
0.342733
0.141244
0.890889
0.831227
0.494171
0.316049
0.201994
0.785573
0.218856
0.796109
0.724097
0.856958
0.207141
0.182284
0.419990
0.398450
0.864911
0.306426
0.465619
0.717115
0.578254
0.285595
0.356400
0.076067
0.589487
0.396018
0.724037
0.446490
0.583206
0.450942
0.355630
0.700707
0.082541
0.901284
0.861485
0.162978
0.869871
0.156017
0.497979
0.355250
0.346590
0.766457
0.048488
0.117976
0.834874
0.026617
0.083326
0.169657
0.680590
0.117887
0.746621
0.351662
0.848622
0.343182
0.794805
0.936541
0.796009
0.942044
0.481937
0.248600
0.378724
0.907902
0.048455
0.635493
0.586976
0.611644
0.722305
0.360388
0.032212
0.607136
0.938201
0.967769
0.425012
0.005302
0.778241
0.964642
0.213725
0.270493
0.745044
0.496084
0.103746
0.248322
0.909520
0.963345
0.179852
0.975776
0.195207
0.008688
0.720146
0.165730
0.238795
0.888683
0.759069
0.778092
0.524005
0.282564
0.846172
0.383352
0.648627
0.980737
0.902209
0.951780
0.930584
0.507483
0.318404
0.638756
0.569829
0.528964
0.530189
0.225409
0.193174
0.250853
0.853060
0.271075
0.456652
0.928183
0.853690
0.162962
0.055400
0.992661
0.479985
0.047200
0.788340
0.189806
0.453764
0.798405
0.491193
0.940526
0.481531
0.451596
0.636752
0.970379
0.932856
0.866202
0.109217
0.046748
0.120926
0.317919
0.196201
0.531987
0.872470
0.486947
0.767265
0.892436
0.949577
0.212887
0.184354
0.432920
0.166722
0.965110
0.932917
0.378191
0.893901
0.296291
0.691979
0.161991
0.540285
0.435023
0.448809
0.966494
0.639667
0.475806
0.884531
0.376205
0.204741
0.451574
0.139195
0.557866
0.055446
0.551182
0.939995
0.879036
0.159099
0.263665
0.129048
0.951013
0.526669
0.699684
0.745127
0.985310
0.598256
0.431362
0.837757
0.236612
0.107910
0.093065
0.166148
0.458783
0.257443
0.651760
0.356571
0.405027
0.343397
0.656137
0.160168
0.779755
0.291185
0.143922
0.322239
0.910185
0.454406
0.977940
0.600045
0.102625
0.462085
0.709882
0.458877
0.924984
0.347036
0.168761
0.448088
0.897056
0.997732
0.636532
0.675900
0.548040
0.555043
0.019718
0.832959
0.931486
0.463302
0.932309
0.981960
0.277223
0.799749
0.166362
0.659308
0.953982
0.392915
0.002981
0.503099
0.652359
0.322719
0.083712
0.611157
0.153006
0.224595
0.762389
0.577949
0.087643
0.526733
0.647381
0.797690
0.239407
0.291658
0.346902
0.243601
0.563708
0.746764
0.683909
0.834116
0.781044
0.237626
0.056395
0.422833
0.029966
0.165010
0.403170
0.850403
0.242682
0.242274
0.879948
0.776738
0.079759
0.982699
0.856665
0.777174
0.036388
0.873171
0.981047
0.496314
0.704004
0.966235
0.597773
0.270732
0.771412
0.210081
0.814936
0.272459
0.703454
0.396413
0.533483
0.808125
0.807587
0.128857
0.129834
0.305814
0.645333
0.266801
0.551870
0.808360
0.162571
0.276955
0.964143
0.496296
0.087043
0.301018
0.885542
0.117321
0.800808
0.324472
0.893308
0.886656
0.157786
0.988524
0.328540
0.831650
0.340830
0.532593
0.202891
0.025280
0.488376
0.374679
0.362607
0.230774
0.257626
0.545626
0.368502
0.160474
0.910157
0.783185
0.968502
0.536472
0.728029
0.583269
0.208580
0.081839
0.305883
0.997694
0.399005
0.325828
0.369654
0.886549
0.342626
0.983859
0.488550
0.684216
0.472477
0.686086
0.257693
0.353862
0.135339
0.942708
0.008627
0.997106
0.009308
0.618899
0.768911
0.792796
0.136202
0.469288
0.345742
0.378806
0.878353
0.776631
0.998486
0.108943
0.134433
0.129884
0.027845
0.537121
0.746374
0.344839
0.722851
0.054654
0.340788
0.410359
0.839000
0.463714
0.030782
0.772740
0.140530
0.868695
0.880594
0.840649
0.426384
0.143632
0.744423
0.097435
0.912940
0.252028
0.736450
0.893371
0.297739
0.298060
0.890882
0.807817
0.348477
0.645452
0.514425
0.323709
0.412431
0.101112
0.819777
0.550597
0.925700
0.701577
0.924144
0.427270
0.312430
0.316393
0.483693
0.493505
0.735247
0.176637
0.661045
0.158463
0.013957
0.710158
0.851948
0.829740
0.835126
0.206895
0.458154
0.174001
0.686176
0.915295
0.831048
0.732875
0.960347
0.079881
0.435110
0.644443
0.480267
0.143990
0.917706
0.052915
0.505371
0.162513
0.513746
0.111294
0.740337
0.276821
0.467512
0.181876
0.206658
0.606098
0.592395
0.757952
0.227067
0.892146
0.900801
0.811206
0.492622
0.812505
0.375205
0.209916
0.915645
0.742045
0.387044
0.753564
0.039615
0.416314
0.238065
0.382937
0.391461
0.029701
0.549983
0.607926
0.675057
0.714469
0.279389
0.957415
0.860182
0.598000
0.518046
0.809652
0.402675
0.058008
0.751810
0.773118
0.313272
0.800249
0.207985
0.526151
0.989800
0.709679
0.399979
0.810401
0.445647
0.391292
0.074443
0.933903
0.252988
0.066764
0.839992
0.452417
0.509106
0.250961
0.684122
0.644113
0.905779
0.950187
0.007566
0.407372
0.403315
0.131655
0.380457
0.431910
0.591161
0.869010
0.874965
0.010706
0.955554
0.907978
0.993159
0.967991
0.511386
0.783640
0.090737
0.624147
0.521087
0.998763
0.016741
0.951779
0.889044
0.911623
0.931719
0.501916
0.747945
0.730435
0.933108
0.901625
0.345855
0.546617
0.973321
0.803909
0.593050
0.415536
0.385505
0.870261
0.169426
0.694181
0.182007
0.401530
0.451058
0.831391
0.724615
0.522691
0.353255
0.567246
0.712935
0.743901
0.562934
0.601257
0.042316
0.338851
0.241555
0.629651
0.556114
0.330493
0.708189
0.703944
0.184578
0.184866
0.588015
0.927902
0.316012
0.270814
0.552898
0.967765
0.392212
0.134394
0.846390
0.909283
0.832418
0.002579
0.924993
0.940820
0.156668
0.215504
0.550875
0.788748
0.054440
0.486885
0.719027
0.972001
0.597787
0.708728
0.715481
0.797496
0.564904
0.102227
0.094495
0.685708
0.171404
0.728375
0.284181
0.322912
0.418985
0.018738
0.124961
0.288207
0.796920
0.081891
0.797398
0.032545
0.508786
0.049902
0.079683
0.304628
0.558437
0.820980
0.605417
0.564082
0.494654
0.851011
0.075052
0.413038
0.977778
0.473430
0.155608
0.258737
0.454395
0.861992
0.920094
0.015616
0.483694
0.675981
0.107898
0.717293
0.793143
0.576786
0.598472
0.066878
0.108769
0.816333
0.291694
0.665982
0.629482
0.562279
0.978780
0.464994
0.634050
0.336272
0.807512
0.733693
0.827541
0.146863
0.025655
0.004649
0.371096
0.548132
0.897854
0.262470
0.080106
0.852021
0.996086
0.488528
0.522181
0.173238
0.564426
0.200063
0.964431
0.449902
0.848502
0.099376
0.591565
0.323683
0.292546
0.456237
0.690243
0.995668
0.366627
0.545732
0.634242
0.317707
0.658669
0.843885
0.338562
0.305471
0.305734
0.811806
0.223307
0.544186
0.043222
0.871418
0.750301
0.129243
0.205878
0.565614
0.893041
0.573149
0.148481
0.204723
0.865225
0.702027
0.384819
0.409352
0.472066
0.846946
0.530030
0.574959
0.234662
0.448435
0.022784
0.192142
0.159364
0.580647
0.890351
0.272711
0.635517
0.361861
0.181867
0.547650
0.415721
0.950428
0.454411
0.139571
0.198438
0.983405
0.064789
0.667713
0.744096
0.255162
0.349640
0.144917
0.229623
0.965041
0.810899
0.078005
0.214673
0.499121
0.546476
0.218712
0.953582
0.917370
0.651705
0.842893
0.153802
0.762635
0.580701
0.000384
0.733291
0.614384
0.303908
0.194010
0.760787
0.802761
0.975090
0.559365
0.934510
0.655972
0.064805
0.050735
0.542434
0.557454
0.005398
0.944605
0.492647
0.373485
0.193099
0.280616
0.362519
0.614422
0.214557
0.628415
0.413400
0.104476
0.807573
0.833929
0.591794
0.249811
0.868932
0.524230
0.892509
0.959836
0.716737
0.078943
0.313891
0.342026
0.371817
0.278384
0.475308
0.859818
0.304492
0.763086
0.793439
0.322491
0.501881
0.962782
0.693353
0.925068
0.839987
0.030102
0.444977
0.337790
0.228051
0.128315
0.913276
0.274547
0.354294
0.834420
0.354661
0.966617
0.767364
0.418161
0.712094
0.904347
0.532167
0.911316
0.001554
0.160148
0.498624
0.585596
0.953575
0.599682
0.904069
0.185128
0.201216
0.555877
0.322219
0.812719
0.881836
0.766949
0.991821
0.127617
0.451563
0.952678
0.065242
0.684482
0.971244
0.663520
0.960642
0.114732
0.799440
0.528783
0.571127
0.036689
0.975736
0.750059
0.761002
0.272409
0.066052
0.334566
0.184255
0.167123
0.606080
0.793422
0.705629
0.650671
0.770429
0.698473
0.442568
0.575742
0.530158
0.907806
0.920193
0.820166
0.372251
0.447129
0.924993
0.482852
0.939236
0.937615
0.130565
0.146434
0.518921
0.259594
0.365517
0.863467
0.752260
0.457585
0.805256
0.064556
0.826427
0.050947
0.342057
0.631541
0.640587
0.194037
0.758525
0.650492
0.349548
0.011808
0.075799
0.909536
0.447168
0.855683
0.937822
0.665267
0.304193
0.818118
0.135461
0.026784
0.247009
0.203252
0.268640
0.034337
0.793103
0.569432
0.130999
0.004359
0.249907
0.684245
0.110529
0.416816
0.255909
0.214175
0.802532
0.804705
0.981740
0.112478
0.089906
0.117889
0.115495
0.576764
0.262831
0.550984
0.697233
0.681618
0.818509
0.102631
0.624845
0.614193
0.535481
0.254159
0.774974
0.067749
0.280700
0.280562
0.232034
0.198610
0.945883
0.325048
0.924522
0.498087
0.478537
0.547672
0.875750
0.547626
0.368543
0.294117
0.395844
0.441242
0.260412
0.296267
0.499702
0.405549
0.811632
0.713537
0.022883
0.009055
0.127243
0.232885
0.731500
0.216388
0.328598
0.174010
0.855943
0.250807
0.209594
0.380638
0.110080
0.823478
0.786644
0.733165
0.341639
0.267686
0.539798
0.084765
0.465457
0.680726
0.593176
0.822815
0.494560
0.478734
0.205027
0.688752
0.055571
0.166942
0.083865
0.879114
0.271345
0.429038
0.960470
0.303313
0.847226
0.357413
0.909757
0.522673
0.405765
0.246768
0.406127
0.751635
0.891587
0.525815
0.425901
0.104961
0.292482
0.227732
0.886475
0.341659
0.089434
0.724780
0.780260
0.832798
0.117507
0.054430
0.859083
0.589835
0.767346
0.024829
0.129201
0.484533
0.325002
0.841177
0.596508
0.400644
0.393212
0.379137
0.164650
0.939485
0.682888
0.537658
0.735138
0.492327
0.447950
0.625504
0.928052
0.356501
0.663867
0.220385
0.365376
0.051635
0.940028
0.837097
0.707541
0.857980
0.593762
0.454804
0.069424
0.699057
0.300383
0.090011
0.667279
0.002476
0.035744
0.220408
0.556130
0.850855
0.427519
0.728345
0.741722
0.162000
0.176811
0.857015
0.316744
0.475382
0.466095
0.376479
0.242572
0.159396
0.562013
0.112428
0.031109
0.058516
0.496990
0.273384
0.572512
0.166681
0.382273
0.650044
0.290726
0.316710
0.692834
0.985303
0.417330
0.916984
0.663236
0.309528
0.573295
0.826019
0.650235
0.190775
0.796827
0.740742
0.125450
0.004492
0.302738
0.271592
0.548362
0.025964
0.394953
0.801059
0.190259
0.388187
0.259394
0.464527
0.503327
0.428427
0.660904
0.173639
0.591179
0.321551
0.566976
0.621584
0.988736
0.023906
0.275450
0.093478
0.317083
0.737509
0.976039
0.658172
0.475042
0.363439
0.710545
0.773490
0.161408
0.711244
0.188142
0.406125
0.503791
0.736990
0.775316
0.689498
0.980683
0.418242
0.520532
0.735184
0.257574
0.365053
0.237827
0.121562
0.876032
0.190216
0.298098
0.530736
0.312497
0.501066
0.839536
0.043322
0.902907
0.063597
0.977520
0.360226
0.667186
0.865227
0.278154
0.159089
0.587155
0.056097
0.157920
0.446813
0.330826
0.874189
0.024668
0.002640
0.479633
0.903914
0.313025
0.261212
0.722468
0.331373
0.161572
0.532209
0.216926
0.145475
0.291746
0.641292
0.884806
0.599009
0.781873
0.582907
0.072328
0.247192
0.377220
0.853896
0.047850
0.785787
0.872257
0.870802
0.779107
0.932498
0.968838
0.424473
0.391410
0.152873
0.018822
0.982182
0.487162
0.997533
0.757364
0.877498
0.950024
0.766302
0.720065
0.927002
0.074535
0.675154
0.600245
0.754283
0.479930
0.405161
0.569379
0.387271
0.676853
0.043508
0.172307
0.404673
0.764939
0.872693
0.078070
0.749180
0.220620
0.066244
0.866494
0.085255
0.276501
0.151396
0.449966
0.371980
0.950368
0.598495
0.349958
0.839074
0.323020
0.293370
0.189981
0.317164
0.425055
0.096088
0.642697
0.480510
0.824430
0.543649
0.031511
0.938251
0.225671
0.825013
0.579144
0.763820
0.630268
0.956888
0.301357
0.314478
0.663880
0.083995
0.037494
0.475021
0.862982
0.686790
0.505898
0.500960
0.110641
0.325086
0.377233
0.754129
0.112895
0.202803
0.618513
0.963399
0.174056
0.085523
0.112232
0.428440
0.437280
0.920082
0.275816
0.367164
0.847350
0.328656
0.964966
0.517403
0.023159
0.116410
0.849034
0.098588
0.920713
0.132568
0.096786
0.355764
0.061984
0.553693
0.146909
0.510570
0.404819
0.662102
0.489876
0.974056
0.854040
0.921890
0.327797
0.905095
0.449229
0.013302
0.168427
0.474136
0.411390
0.079614
0.451151
0.692020
0.255448
0.828866
0.189706
0.142349
0.860437
0.078401
0.982414
0.996513
0.782284
0.549010
0.110152
0.954044
0.758618
0.126549
0.480326
0.226757
0.620244
0.784241
0.937246
0.940528
0.034507
0.973638
0.641991
0.759059
0.272057
0.574829
0.414870
0.613213
0.636539
0.678287
0.858550
0.949267
0.218022
0.236341
0.857976
0.269540
0.132843
0.359400
0.443123
0.137371
0.567719
0.081454
0.651857
0.541466
0.443101
0.325093
0.732709
0.176475
0.803731
0.555281
0.961932
0.989606
0.603115
0.923694
0.337017
0.287789
0.108376
0.224812
0.161890
0.894831
0.963708
0.567656
0.909751
0.720066
0.031051
0.622613
0.981207
0.653938
0.507845
0.643906
0.951664
0.774923
0.801622
0.160757
0.397453
0.347188
0.033304
0.443116
0.319709
0.248731
0.424439
0.203033
0.854472
0.112876
0.792973
0.815564
0.312951
0.237266
0.797853
0.911799
0.474438
0.937717
0.810829
0.992700
0.433383
0.551098
0.495757
0.670398
0.549949
0.351734
0.498860
0.901237
0.178636
0.697646
0.520504
0.722917
0.751736
0.302455
0.388693
0.340515
0.513576
0.500153
0.290652
0.170085
0.168227
0.175621
0.761399
0.594097
0.989074
0.944294
0.362362
0.613476
0.505125
0.528216
0.709930
0.403003
0.828796
0.769903
0.899842
0.549722
0.516322
0.604540
0.700876
0.740660
0.688617
0.658318
0.708113
0.082274
0.011868
0.117171
0.015685
0.498618
0.208327
0.605096
0.720460
0.640318
0.594412
0.092023
0.546248
0.017266
0.921580
0.213351
0.193274
0.172767
0.612417
0.800375
0.295694
0.377227
0.567568
0.194748
0.502620
0.719833
0.686621
0.930604
0.592489
0.504803
0.356694
0.323158
0.359677
0.355488
0.565643
0.188496
0.464407
0.438795
0.282570
0.450278
0.466351
0.241207
0.997283
0.457394
0.838654
0.556219
0.143935
0.962991
0.117648
0.934698
0.763984
0.498063
0.235419
0.160862
0.542645
0.239027
0.024066
0.156893
0.024084
0.923055
0.404339
0.601355
0.757656
0.240471
0.675049
0.936303
0.624923
0.841478
0.916858
0.004352
0.059984
0.373942
0.893711
0.421907
0.109481
0.137440
0.072163
0.783617
0.729901
0.141763
0.843331
0.684056
0.725209
0.819110
0.600387
0.317256
0.765159
0.910198
0.637765
0.507451
0.861816
0.255188
0.553957
0.573040
0.027840
0.328849
0.880758
0.521091
0.994217
0.401716
0.466484
0.005696
0.367454
0.549559
0.913226
0.007113
0.387527
0.314557
0.328289
0.750249
0.079205
0.413666
0.282960
0.383815
0.532853
0.341495
0.178641
0.991929
0.908886
0.203238
0.967768
0.667697
0.525858
0.392770
0.147014
0.405876
0.699637
0.384887
0.180966
0.185175
0.374427
0.600052
0.589156
0.728796
0.690864
0.014053
0.167190
0.426704
0.527482
0.491159
0.558464
0.849935
0.425874
0.113140
0.256877
0.214359
0.753871
0.531544
0.229161
0.290168
0.202366
0.388645
0.589354
0.288495
0.868430
0.513386
0.044980
0.575714
0.008647
0.110433
0.337336
0.009934
0.701742
0.809298
0.305550
0.806911
0.928545
0.840561
0.969724
0.121173
0.140757
0.950030
0.622399
0.672700
0.069224
0.969577
0.074947
0.413473
0.029387
0.334179
0.177456
0.267899
0.168684
0.694958
0.533703
0.706205
0.211315
0.132807
0.999187
0.333060
0.173496
0.159376
0.377802
0.760691
0.021695
0.612991
0.534943
0.955612
0.242381
0.955728
0.500896
0.622831
0.090081
0.171720
0.642852
0.346240
0.827500
0.101378
0.497276
0.417124
0.403832
0.345187
0.752556
0.035847
0.712899
0.885818
0.296468
0.799275
0.199407
0.938403
0.351301
0.726173
0.148310
0.703959
0.934241
0.115383
0.398373
0.206181
0.140403
0.071074
0.506567
0.101525
0.754751
0.812797
0.985627
0.708960
0.176801
0.865664
0.214177
0.779526
0.573850
0.801017
0.939228
0.065523
0.065408
0.476970
0.057137
0.231552
0.850256
0.270623
0.064413
0.329568
0.800194
0.862453
0.347843
0.020622
0.709064
0.944008
0.358780
0.128247
0.165399
0.191658
0.854029
0.441604
0.741245
0.853768
0.341289
0.018118
0.703023
0.911514
0.836919
0.460704
0.863063
0.522937
0.114631
0.737642
0.128689
0.077183
0.023331
0.375298
0.161019
0.855799
0.798712
0.165197
0.735230
0.908100
0.845257
0.595386
0.570701
0.138854
0.372365
0.827751
0.761803
0.822767
0.820497
0.312186
0.442086
0.298567
0.891121
0.747675
0.926078
0.656075
0.519188
0.589931
0.529165
0.965869
0.510737
0.263868
0.318011
0.369353
0.163626
0.593650
0.708348
0.956924
0.739369
0.218179
0.635953
0.326065
0.542568
0.248754
0.777995
0.495516
0.865695
0.559316
0.309311
0.124991
0.586235
0.617473
0.020484
0.874479
0.565932
0.983747
0.396705
0.057957
0.644514
0.672742
0.818609
0.281902
0.279634
0.706789
0.274544
0.490584
0.238437
0.951843
0.509670
0.202412
0.062310
0.836927
0.038181
0.852273
0.813742
0.780155
0.833509
0.144686
0.272296
0.112540
0.226261
0.465528
0.815424
0.369598
0.784800
0.443366
0.630029
0.952622
0.948615
0.144964
0.223423
0.116892
0.415306
0.536911
0.899719
0.871687
0.749039
0.352779
0.542163
0.853466
0.148359
0.432478
0.686641
0.313939
0.566510
0.710133
0.120445
0.631913
0.465731
0.034727
0.617641
0.872937
0.971862
0.832882
0.593210
0.873103
0.406109
0.637553
0.478131
0.680344
0.451699
0.785245
0.183012
0.343588
0.174786
0.156026
0.715766
0.470991
0.887259
0.926482
0.576556
0.484703
0.305744
0.610421
0.089142
0.461391
0.533215
0.563326
0.100456
0.072753
0.240188
0.965032
0.139298
0.714917
0.739828
0.614857
0.960397
0.053951
0.889664
0.671515
0.592423
0.109314
0.381637
0.446718
0.379194
0.668265
0.737267
0.169872
0.764150
0.370777
0.456817
0.138007
0.571749
0.653116
0.297033
0.159691
0.528900
0.893759
0.603572
0.706876
0.628728
0.400829
0.299470
0.670156
0.442234
0.226786
0.343418
0.239816
0.545803
0.433061
0.800271
0.829328
0.159780
0.171936
0.705917
0.444788
0.831586
0.450878
0.519629
0.761602
0.383234
0.419282
0.515418
0.879840
0.354937
0.520943
0.111138
0.226736
0.182104
0.517477
0.027573
0.996503
0.351118
0.666291
0.732153
0.454738
0.689277
0.767788
0.791883
0.181229
0.796274
0.244390
0.241566
0.127907
0.849136
0.321279
0.586253
0.178335
0.681060
0.015733
0.586292
0.614704
0.108902
0.357459
0.020509
0.634332
0.066719
0.732943
0.454401
0.369633
0.687006
0.727615
0.938052
0.016252
0.190756
0.413384
0.070636
0.879200
0.326731
0.857171
0.058318
0.825504
0.304348
0.197529
0.089198
0.656030
0.249019
0.018786
0.397421
0.853989
0.369953
0.840855
0.899004
0.561591
0.355257
0.311563
0.880336
0.210662
0.225091
0.438762
0.298240
0.172497
0.599019
0.811606
0.215220
0.984415
0.327085
0.942069
0.417877
0.996226
0.845147
0.395288
0.538924
0.703095
0.733580
0.384842
0.977925
0.089135
0.465235
0.679001
0.562489
0.198686
0.544927
0.516873
0.445534
0.032972
0.380471
0.367767
0.946406
0.095093
0.637098
0.709835
0.430687
0.285672
0.255990
0.059987
0.417603
0.897717
0.147552
0.589186
0.703042
0.638026
0.075257
0.216727
0.703667
0.582893
0.841519
0.833128
0.542604
0.879904
0.378712
0.571336
0.704463
0.660501
0.182484
0.975447
0.747268
0.808006
0.037791
0.728803
0.447353
0.914499
0.658144
0.850816
0.511843
0.391707
0.553617
0.084181
0.279385
0.413802
0.671951
0.529145
0.566054
0.254378
0.519053
0.475477
0.438356
0.929895
0.100350
0.199826
0.413104
0.624627
0.063500
0.178865
0.614332
0.597769
0.437149
0.487226
0.245720
0.565233
0.811704
0.952648
0.364216
0.513181
0.298952
0.105544
0.133229
0.597106
0.131026
0.841307
0.274161
0.971983
0.949429
0.594142
0.371053
0.801452
0.216032
0.362114
0.578117
0.226166
0.415181
0.113736
0.463106
0.105346
0.864925
0.514153
0.535523
0.956482
0.712295
0.929331
0.067935
0.734292
0.639255
0.773228
0.247118
0.142958
0.680189
0.257535
0.381055
0.749868
0.466509
0.866025
0.745094
0.652288
0.928145
0.613913
0.848761
0.181417
0.644595
0.653035
0.132280
0.655063
0.439991
0.660284
0.812826
0.507781
0.637902
0.892109
0.264765
0.935970
0.453634
0.822373
0.670816
0.148416
0.016524
0.003158
0.973353
0.266545
0.334738
0.625008
0.403386
0.182799
0.383408
0.209404
0.101480
0.272775
0.297586
0.775021
0.867752
0.732828
0.158596
0.591708
0.700665
0.648759
0.991239
0.511309
0.085635
0.315037
0.645402
0.659878
0.569349
0.142859
0.165357
0.637005
0.864340
0.997712
0.890258
0.018517
0.946882
0.474208
0.857634
0.950444
0.481219
0.382612
0.466167
0.584833
0.581715
0.225139
0.803539
0.499665
0.834628
0.271792
0.459059
0.601960
0.581283
0.799036
0.059123
0.199392
0.418587
0.377093
0.617076
0.383760
0.420809
0.733318
0.148939
0.869999
0.713692
0.583213
0.834659
0.325651
0.239227
0.013703
0.403655
0.684672
0.103460
0.084809
0.886528
0.220950
0.082674
0.548591
0.535716
0.344031
0.223104
0.183921
0.601038
0.333300
0.069436
0.631364
0.916495
0.036703
0.726854
0.656073
0.468038
0.993163
0.544995
0.043579
0.464592
0.389859
0.820301
0.371727
0.013326
0.710003
0.171784
0.433491
0.532560
0.165487
0.545821
0.294335
0.139897
0.921616
0.555494
0.742022
0.688044
0.416165
0.731995
0.067060
0.035643
0.538261
0.448226
0.742261
0.825438
0.178389
0.722068
0.147296
0.177800
0.381585
0.788561
0.208745
0.615379
0.551966
0.481783
0.851453
0.426363
0.466983
0.839531
0.839245
0.901998
0.190805
0.453603
0.732025
0.191852
0.832905
0.467758
0.814454
0.291601
0.813386
0.572117
0.424798
0.187219
0.281789
0.170473
0.799935
0.841494
0.330490
0.184568
0.476105
0.329362
0.964627
0.801859
0.269873
0.453979
0.583246
0.230788
0.688383
0.942628
0.214861
0.076145
0.263626
0.308064
0.486340
0.928408
0.206826
0.534819
0.417142
0.832095
0.073761
0.420215
0.579221
0.382082
0.910765
0.065679
0.982650
0.732033
0.908204
0.215549
0.602389
0.989552
0.670486
0.808469
0.695037
0.538234
0.269343
0.812120
0.736383
0.252757
0.683490
0.617152
0.789699
0.360530
0.649348
0.573510
0.567823
0.618736
0.413799
0.654896
0.133960
0.301180
0.153679
0.368717
0.679879
0.273010
0.623706
0.414001
0.786879
0.736528
0.833701
0.893378
0.003785
0.387141
0.609461
0.163008
0.034791
0.069728
0.834508
0.352652
0.713550
0.182581
0.030689
0.793703
0.722308
0.164749
0.945521
0.783619
0.497741
0.314503
0.657905
0.408840
0.328389
0.829139
0.779097
0.303850
0.500252
0.502147
0.953330
0.890867
0.773246
0.651480
0.596357
0.612841
0.086208
0.036339
0.647262
0.122576
0.384196
0.219193
0.749622
0.144290
0.859678
0.780174
0.375586
0.492520
0.797236
0.243355
0.817276
0.369730
0.036612
0.545459
0.003575
0.811204
0.825985
0.399367
0.769623
0.887835
0.359448
0.275377
0.476957
0.788475
0.490773
0.755850
0.923170
0.098738
0.229058
0.292910
0.913290
0.778195
0.468031
0.508808
0.016050
0.459003
0.625257
0.984939
0.175003
0.583186
0.193795
0.364140
0.468675
0.540420
0.688799
0.683514
0.350053
0.731633
0.734982
0.318744
0.781442
0.374593
0.545858
0.178656
0.406930
0.785495
0.328262
0.778985
0.065246
0.855323
0.070180
0.251154
0.787852
0.922185
0.178718
0.924999
0.900765
0.292071
0.798664
0.849155
0.857290
0.242674
0.709111
0.980284
0.078894
0.560346
0.142841
0.048968
0.932528
0.002321
0.955476
0.578262
0.287445
0.678624
0.371749
0.738345
0.088814
0.235185
0.215870
0.730973
0.478137
0.056466
0.580963
0.039596
0.053685
0.048200
0.376520
0.999771
0.473118
0.104785
0.008027
0.850260
0.283412
0.198536
0.563208
0.343908
0.351693
0.376738
0.606326
0.520652
0.749044
0.435613
0.895644
0.780061
0.295643
0.916538
0.747395
0.610445
0.050380
0.488667
0.158705
0.424397
0.865439
0.033481
0.285979
0.870570
0.223251
0.511407
0.146778
0.708443
0.129892
0.289810
0.992616
0.082044
0.008824
0.257256
0.286123
0.561038
0.678170
0.093550
0.535289
0.149969
0.413191
0.251775
0.894993
0.130862
0.305865
0.921250
0.774729
0.898747
0.101365
0.753353
0.102458
0.187507
0.085694
0.860603
0.127150
0.343722
0.541824
0.348838
0.014173
0.683790
0.608643
0.859209
0.143765
0.824749
0.846119
0.617758
0.187055
0.087975
0.412788
0.793270
0.258147
0.278846
0.932580
0.416913
0.854639
0.001817
0.004733
0.228824
0.860540
0.101883
0.984016
0.986533
0.631067
0.268785
0.422553
0.538127
0.472441
0.503412
0.166351
0.259881
0.614018
0.246589
0.989313
0.855112
0.815332
0.994073
0.228466
0.470070
0.905542
0.169067
0.762690
0.206384
0.994161
0.661591
0.913093
0.391050
0.574616
0.554756
0.198922
0.037979
0.849190
0.189280
0.074415
0.324112
0.996410
0.432927
0.718236
0.273195
0.769093
0.150024
0.020097
0.246939
0.320592
0.752578
0.184128
0.983052
0.903685
0.969080
0.873821
0.379139
0.544669
0.715890
0.790292
0.728493
0.766429
0.090654
0.688923
0.786362
0.298219
0.934850
0.486695
0.642244
0.674866
0.306034
0.634581
0.544513
0.980028
0.248225
0.870263
0.358252
0.341380
0.905181
0.823073
0.416244
0.332490
0.755810
0.415785
0.967948
0.197214
0.299022
0.249930
0.953811
0.886310
0.127838
0.029159
0.285094
0.709412
0.026299
0.878388
0.435563
0.963379
0.529669
0.167730
0.834778
0.033364
0.606671
0.115363
0.067726
0.086882
0.565360
0.191470
0.147142
0.832903
0.530868
0.798241
0.438821
0.715016
0.488428
0.183903
0.132753
0.995388
0.789058
0.340097
0.300962
0.188398
0.554113
0.213161
0.544012
0.270993
0.730177
0.865528
0.370458
0.661066
0.794653
0.891215
0.785840
0.573407
0.717828
0.010103
0.989522
0.571141
0.687593
0.133308
0.628877
0.793412
0.002461
0.553504
0.171614
0.899601
0.156831
0.219774
0.699752
0.497329
0.464889
0.209752
0.764788
0.064232
0.097127
0.618912
0.975485
0.809064
0.402811
0.707488
0.210639
0.800725
0.144994
0.542237
0.892917
0.107484
0.329839
0.759088
0.650818
0.794003
0.732374
0.872420
0.099050
0.910156
0.835660
0.639474
0.938768
0.140258
0.554255
0.929383
0.314518
0.459929
0.916288
0.873785
0.451245
0.943805
0.457307
0.521487
0.259916
0.082642
0.824977
0.967674
0.462350
0.482742
0.413909
0.866442
0.103510
0.342233
0.417219
0.204781
0.242200
0.413538
0.684349
0.260501
0.428908
0.383773
0.167335
0.283025
0.973063
0.427061
0.489762
0.824711
0.292526
0.625487
0.519550
0.964670
0.037654
0.617175
0.519307
0.263423
0.543267
0.137527
0.003009
0.974698
0.227493
0.577945
0.377338
0.332983
0.210572
0.628348
0.588063
0.097831
0.943600
0.906576
0.639772
0.637440
0.432083
0.948706
0.090265
0.796625
0.517508
0.356659
0.533628
0.443326
0.088420
0.418887
0.038835
0.701369
0.367458
0.359859
0.379627
0.437001
0.040124
0.086477
0.317987
0.007099
0.822810
0.014130
0.845031
0.735745
0.620607
0.230018
0.062349
0.153868
0.099135
0.922616
0.742332
0.007737
0.828980
0.038144
0.741801
0.163449
0.087093
0.459824
0.579143
0.256247
0.487940
0.414303
0.106426
0.659010
0.330131
0.140261
0.315636
0.679810
0.484408
0.283923
0.678855
0.903848
0.809201
0.769626
0.818056
0.032856
0.094422
0.613898
0.779143
0.161076
0.927096
0.969771
0.310375
0.080216
0.308814
0.593509
0.646417
0.298271
0.390690
0.486026
0.720816
0.064094
0.022501
0.071434
0.081889
0.839361
0.526254
0.409131
0.196005
0.583586
0.927744
0.395216
0.179427
0.600633
0.931212
0.073882
0.212702
0.924473
0.960539
0.257611
0.132717
0.638550
0.265094
0.932739
0.655543
0.670998
0.189316
0.018463
0.812183
0.484146
0.413116
0.145039
0.948981
0.381516
0.106433
0.241275
0.790143
0.542067
0.217735
0.971060
0.832545
0.216344
0.385489
0.860400
0.759306
0.091925
0.466677
0.315095
0.650793
0.668853
0.301257
0.477783
0.837565
0.545434
0.850369
0.922816
0.092812
0.969778
0.174079
0.777446
0.081134
0.484864
0.157355
0.805583
0.160822
0.309906
0.396872
0.941411
0.638431
0.536684
0.063195
0.437993
0.773446
0.757779
0.830416
0.252520
0.368716
0.318828
0.486508
0.154862
0.816412
0.636709
0.611375
0.777606
0.422337
0.540835
0.635245
0.959929
0.641939
0.169363
0.707575
0.138753
0.233549
0.833186
0.546928
0.650991
0.987788
0.398388
0.876315
0.900852
0.612201
0.035485
0.138505
0.764791
0.037932
0.747958
0.034052
0.030458
0.137225
0.482706
0.524653
0.349866
0.879023
0.103835
0.429573
0.213935
0.852666
0.294528
0.637749
0.986702
0.920314
0.958506
0.427822
0.562136
0.346135
0.794868
0.988422
0.791912
0.939427
0.993098
0.157819
0.374391
0.649894
0.967052
0.742480
0.366809
0.292312
0.449285
0.755671
0.186306
0.046390
0.284595
0.158202
0.780595
0.483002
0.782031
0.442443
0.283913
0.782909
0.348431
0.827386
0.714563
0.727220
0.378014
0.216705
0.230939
0.904120
0.508462
0.094184
0.836046
0.363620
0.574731
0.512871
0.726500
0.896634
0.050646
0.487729
0.319513
0.967445
0.821753
0.778951
0.287265
0.606297
0.590393
0.997654
0.187085
0.803583
0.588287
0.561179
0.831134
0.936795
0.028872
0.546060
0.801869
0.819498
0.540138
0.347956
0.228763
0.167249
0.800893
0.065155
0.414903
0.723224
0.584382
0.121899
0.284754
0.336829
0.171358
0.176667
0.140131
0.817610
0.611478
0.296278
0.412076
0.036013
0.021833
0.587333
0.111708
0.169196
0.152269
0.470930
0.471327
0.116974
0.909629
0.964171
0.864070
0.378617
0.711247
0.232792
0.860667
0.289688
0.178829
0.233878
0.167601
0.689119
0.237663
0.047457
0.962780
0.305676
0.556047
0.962671
0.651324
0.420776
0.052507
0.140709
0.481982
0.447942
0.973241
0.715973
0.548973
0.750222
0.562072
0.152795
0.037582
0.343480
0.325756
0.071844
0.815905
0.669157
0.257779
0.263206
0.618893
0.693833
0.495823
0.267647
0.681693
0.549661
0.827101
0.430046
0.152755
0.379569
0.250051
0.296405
0.426899
0.120287
0.681915
0.365596
0.486227
0.536091
0.554064
0.637445
0.802378
0.814146
0.848262
0.878489
0.545099
0.621088
0.438189
0.705337
0.045623
0.388684
0.955478
0.252916
0.293129
0.198028
0.795237
0.531820
0.891023
0.436547
0.012818
0.406608
0.387412
0.145424
0.394687
0.157294
0.319549
0.907946
0.768181
0.671861
0.102077
0.268232
0.957195
0.701649
0.048274
0.047129
0.706194
0.177655
0.175473
0.835592
0.349130
0.108588
0.921243
0.209050
0.161907
0.975967
0.725296
0.398186
0.828952
0.113290
0.430617
0.867077
0.601491
0.251668
0.271597
0.348893
0.805524
0.070157
0.570628
0.748513
0.852841
0.182929
0.209380
0.081987
0.753064
0.895564
0.106777
0.441968
0.956617
0.277837
0.780508
0.278978
0.768220
0.529930
0.128838
0.009083
0.352248
0.302996
0.708877
0.803315
0.751857
0.004106
0.448600
0.102831
0.313596
0.241135
0.183346
0.921503
0.351448
0.406993
0.001946
0.845599
0.905429
0.067315
0.799651
0.084801
0.609523
0.794445
0.919699
0.252480
0.244553
0.517109
0.405562
0.303508
0.729484
0.353954
0.342854
0.298692
0.518381
0.435149
0.532765
0.224959
0.492118
0.945257
0.375151
0.824744
0.038933
0.738755
0.244498
0.386688
0.634494
0.473928
0.789611
0.348974
0.591696
0.508873
0.779696
0.757836
0.937499
0.423182
0.235518
0.514280
0.476466
0.229357
0.332427
0.604711
0.859064
0.268533
0.728463
0.334376
0.931238
0.735650
0.669650
0.920534
0.297225
0.430604
0.148482
0.624597
0.080426
0.005227
0.060837
0.144732
0.470476
0.883315
0.319892
0.003284
0.155107
0.524695
0.169758
0.663761
0.962445
0.527819
0.001372
0.631974
0.495702
0.602223
0.141735
0.633275
0.693731
0.967001
0.775942
0.426140
0.766450
0.659036
0.108936
0.990575
0.955831
0.370977
0.397857
0.812905
0.886215
0.229973
0.731765
0.136618
0.670383
0.710990
0.627112
0.238160
0.411625
0.130671
0.196199
0.658457
0.721554
0.757222
0.962096
0.532747
0.496222
0.007699
0.294899
0.635854
0.550178
0.885489
0.967083
0.935815
0.093267
0.278039
0.834188
0.529895
0.195362
0.918423
0.083630
0.043213
0.770021
0.285557
0.629510
0.386783
0.622567
0.938689
0.913582
0.199751
0.357775
0.354699
0.778719
0.106617
0.486770
0.254908
0.966275
0.886372
0.674606
0.305383
0.735582
0.824774
0.445094
0.475414
0.773641
0.466786
0.726761
0.908131
0.945110
0.032638
0.755412
0.950611
0.094328
0.252809
0.119792
0.704772
0.447860
0.924781
0.175706
0.681613
0.651556
0.223651
0.891985
0.597562
0.912092
0.601268
0.113569
0.161026
0.479340
0.891612
0.620343
0.618384
0.010702
0.176645
0.566019
0.511131
0.487806
0.745128
0.443310
0.329722
0.924057
0.551250
0.636918
0.715394
0.300756
0.419825
0.594637
0.380377
0.020432
0.585849
0.322550
0.701155
0.767225
0.249237
0.149212
0.841447
0.442450
0.687180
0.815526
0.524501
0.803692
0.129037
0.944401
0.081893
0.410963
0.359885
0.792982
0.932732
0.384710
0.692142
0.059366
0.108013
0.547073
0.109350
0.027120
0.135527
0.567136
0.636759
0.810036
0.487485
0.408473
0.190380
0.184451
0.702784
0.406735
0.675412
0.948850
0.206134
0.738082
0.088200
0.864668
0.125324
